2 0.598985 0.489362 0.060914 0.234043
6 0.571066 0.771277 0.076142 0.265957
9 0.769036 0.244681 0.055838 0.255319
8 0.705584 0.250000 0.060914 0.244681
5 0.535533 0.484043 0.055838 0.223404
5 0.340102 0.473404 0.060914 0.223404
2 0.395939 0.765957 0.071066 0.255319
2 0.319797 0.750000 0.060914 0.244681
2 0.472081 0.484043 0.060914 0.223404
1 0.106599 0.468085 0.030457 0.212766
1 0.296954 0.478723 0.025381 0.212766
0 0.408629 0.473404 0.055838 0.223404
0 0.494924 0.771277 0.076142 0.265957
0 0.888325 0.255319 0.071066 0.255319