1 0.105442 0.505764 0.025850 0.210375
1 0.427891 0.466859 0.025850 0.201729
1 0.555782 0.458213 0.028571 0.195965
1 0.622449 0.456772 0.025850 0.181556
1 0.350340 0.756484 0.034014 0.244957
2 0.223129 0.240634 0.065306 0.233429
0 0.584354 0.210375 0.072109 0.236311
1 0.297279 0.481268 0.036735 0.195965
6 0.346259 0.475504 0.061224 0.207493
0 0.495238 0.733429 0.078912 0.233429
9 0.399320 0.223343 0.061224 0.227666
9 0.461224 0.220461 0.059864 0.233429
9 0.403401 0.747839 0.072109 0.250720
4 0.578231 0.729107 0.070748 0.213256
4 0.477551 0.463977 0.062585 0.190202