3 0.344203 0.493952 0.057971 0.245968
6 0.585145 0.256048 0.061594 0.262097
3 0.476449 0.506048 0.057971 0.254032
4 0.496377 0.800403 0.072464 0.254032
5 0.572464 0.796371 0.076087 0.270161
5 0.763587 0.256048 0.067029 0.262097
1 0.197464 0.832661 0.028986 0.197581
1 0.523551 0.247984 0.054348 0.278226
1 0.619565 0.518145 0.032609 0.229839
8 0.390399 0.794355 0.081522 0.282258
0 0.088768 0.493952 0.068841 0.237903
0 0.540761 0.512097 0.067029 0.241935
2 0.277174 0.493952 0.068841 0.237903
2 0.409420 0.502016 0.061594 0.254032
3 0.651268 0.254032 0.070652 0.274194