3 0.210227 0.794872 0.034091 0.205128
8 0.409091 0.217949 0.068182 0.230769
8 0.579545 0.756410 0.068182 0.230769
5 0.522727 0.205128 0.068182 0.256410
1 0.761364 0.205128 0.045455 0.256410
1 0.357955 0.769231 0.034091 0.256410
1 0.426136 0.769231 0.034091 0.256410
1 0.164773 0.794872 0.034091 0.205128
4 0.505682 0.756410 0.079545 0.230769
4 0.539773 0.461538 0.056818 0.205128
4 0.602273 0.461538 0.068182 0.205128
2 0.352273 0.474359 0.068182 0.230769
0 0.812500 0.192308 0.056818 0.230769
0 0.869318 0.192308 0.056818 0.230769
6 0.414773 0.474359 0.056818 0.230769
7 0.482955 0.461538 0.056818 0.205128