2 0.498294 0.788462 0.068259 0.284615
4 0.546075 0.476923 0.068259 0.246154
3 0.414676 0.469231 0.058020 0.246154
3 0.580205 0.796154 0.068259 0.284615
8 0.344710 0.476923 0.068259 0.261538
6 0.779863 0.219231 0.058020 0.284615
0 0.716724 0.211538 0.061433 0.269231
0 0.397611 0.780769 0.071672 0.300000
0 0.083618 0.476923 0.064846 0.246154
1 0.655290 0.207692 0.047782 0.292308
1 0.626280 0.488462 0.030717 0.207692
2 0.317406 0.773077 0.075085 0.284615
2 0.907850 0.226923 0.081911 0.284615
5 0.474403 0.480769 0.061433 0.253846