0 0.049774 0.422018 0.072398 0.238532
0 0.950226 0.229358 0.072398 0.275229
1 0.113122 0.775229 0.027149 0.211009
1 0.332579 0.756881 0.031674 0.302752
2 0.334842 0.440367 0.072398 0.238532
3 0.746606 0.215596 0.072398 0.302752
3 0.877828 0.220183 0.063348 0.275229
3 0.156109 0.770642 0.049774 0.201835
4 0.669683 0.201835 0.081448 0.256881
5 0.497738 0.756881 0.081448 0.284404
6 0.554299 0.449541 0.067873 0.238532
8 0.588235 0.761468 0.090498 0.275229
9 0.626697 0.467890 0.067873 0.238532
9 0.481900 0.449541 0.067873 0.238532
9 0.409502 0.431193 0.067873 0.238532
9 0.398190 0.747706 0.081448 0.284404