5 0.771991 0.215789 0.062500 0.252632
6 0.891204 0.218421 0.069444 0.268421
6 0.355324 0.465789 0.062500 0.226316
1 0.598380 0.763158 0.034722 0.252632
1 0.355324 0.757895 0.025463 0.252632
1 0.310185 0.473684 0.023148 0.231579
1 0.648148 0.215789 0.046296 0.252632
0 0.710648 0.213158 0.060185 0.247368
0 0.406250 0.760526 0.062500 0.257895
4 0.416667 0.465789 0.060185 0.194737
3 0.482639 0.463158 0.057870 0.210526
3 0.508102 0.755263 0.062500 0.247368
2 0.604167 0.471053 0.050926 0.215789
7 0.549769 0.465789 0.048611 0.226316