6 0.897596 0.224319 0.087500 0.276730
6 0.337500 0.455975 0.061538 0.245283
5 0.771154 0.237945 0.065385 0.287212
5 0.599519 0.467505 0.066346 0.222222
4 0.407212 0.450734 0.068269 0.205451
4 0.497596 0.747379 0.089423 0.257862
1 0.593750 0.755765 0.062500 0.266247
1 0.337019 0.756813 0.029808 0.272537
1 0.642308 0.225367 0.057692 0.270440
0 0.705288 0.227463 0.062500 0.266247
0 0.532212 0.464361 0.058654 0.241090
8 0.392308 0.743187 0.075000 0.274633
1 0.286538 0.471698 0.034615 0.226415
3 0.474038 0.460168 0.059615 0.249476