0 0.502660 0.771084 0.069149 0.240964
0 0.545213 0.475904 0.063830 0.216867
2 0.187500 0.810241 0.050532 0.174699
1 0.368351 0.478916 0.023936 0.198795
6 0.577128 0.771084 0.069149 0.240964
6 0.480053 0.478916 0.061170 0.210843
5 0.613032 0.472892 0.061170 0.210843
5 0.414894 0.472892 0.058511 0.210843
4 0.537234 0.207831 0.058511 0.234940
2 0.472074 0.210843 0.061170 0.240964
1 0.301862 0.478916 0.023936 0.198795
1 0.349734 0.774096 0.023936 0.222892
1 0.150266 0.813253 0.018617 0.168675
0 0.402926 0.774096 0.071809 0.246988