1 0.163462 0.790323 0.019231 0.161290
1 0.434615 0.741935 0.038462 0.225806
1 0.605769 0.729839 0.034615 0.233871
0 0.475000 0.463710 0.057692 0.217742
0 0.411538 0.467742 0.061538 0.209677
0 0.096154 0.487903 0.069231 0.201613
1 0.530769 0.737903 0.038462 0.233871
4 0.582692 0.209677 0.057692 0.241935
4 0.705769 0.201613 0.057692 0.241935
9 0.544231 0.459677 0.065385 0.225806
3 0.609615 0.455645 0.057692 0.217742
3 0.350000 0.471774 0.061538 0.217742
2 0.336538 0.750000 0.065385 0.241935
5 0.203846 0.786290 0.053846 0.185484
6 0.644231 0.209677 0.065385 0.241935