2 0.579710 0.761905 0.072464 0.253968
1 0.768116 0.253968 0.043478 0.285714
1 0.166667 0.769841 0.028986 0.206349
1 0.213768 0.785714 0.021739 0.206349
2 0.355072 0.484127 0.057971 0.206349
2 0.543478 0.484127 0.057971 0.206349
0 0.826087 0.246032 0.057971 0.238095
0 0.884058 0.246032 0.057971 0.238095
3 0.532609 0.230159 0.065217 0.238095
7 0.416667 0.230159 0.065217 0.238095
7 0.420290 0.484127 0.057971 0.206349
4 0.478261 0.492063 0.057971 0.222222
5 0.500000 0.761905 0.072464 0.222222
9 0.405797 0.761905 0.072464 0.222222
8 0.601449 0.484127 0.057971 0.206349