1 0.150307 0.821918 0.030675 0.191781
8 0.401840 0.226027 0.067485 0.260274
4 0.527607 0.219178 0.073620 0.246575
4 0.500000 0.787671 0.079755 0.232877
1 0.766871 0.219178 0.049080 0.246575
0 0.828221 0.212329 0.073620 0.260274
0 0.892638 0.212329 0.067485 0.260274
0 0.187117 0.821918 0.055215 0.191781
0 0.401840 0.780822 0.079755 0.273973
2 0.322086 0.780822 0.079755 0.273973
2 0.576687 0.773973 0.073620 0.260274
2 0.340491 0.486301 0.067485 0.232877
2 0.539877 0.486301 0.061350 0.232877
6 0.407975 0.486301 0.067485 0.232877
7 0.478528 0.479452 0.061350 0.219178
8 0.604294 0.486301 0.067485 0.232877