8 0.538793 0.475845 0.056034 0.207729
0 0.403017 0.760870 0.064655 0.227053
5 0.574353 0.758454 0.066810 0.231884
5 0.476293 0.475845 0.056034 0.198068
4 0.498922 0.758454 0.071121 0.222222
1 0.306034 0.485507 0.043103 0.227053
1 0.362069 0.480676 0.025862 0.217391
1 0.159483 0.794686 0.025862 0.188406
4 0.529095 0.222222 0.058190 0.212560
1 0.351293 0.765700 0.030172 0.236715
2 0.198276 0.794686 0.043103 0.169082
2 0.463362 0.231884 0.060345 0.241546
3 0.604526 0.478261 0.049569 0.222222
8 0.410560 0.483092 0.053879 0.202899