3 0.340102 0.500000 0.057530 0.208791
7 0.606599 0.510989 0.055838 0.208791
4 0.175973 0.824176 0.054146 0.168498
4 0.470389 0.509158 0.060914 0.190476
2 0.404399 0.501832 0.064298 0.212454
2 0.272420 0.500000 0.064298 0.223443
5 0.652284 0.260073 0.062606 0.241758
0 0.492386 0.796703 0.074450 0.245421
0 0.077834 0.490842 0.064298 0.212454
8 0.538917 0.507326 0.062606 0.208791
8 0.587986 0.256410 0.059222 0.241758
8 0.569374 0.798535 0.069374 0.241758
9 0.770728 0.265568 0.059222 0.245421
9 0.391709 0.794872 0.076142 0.241758
1 0.525381 0.260073 0.049069 0.256410