5 0.416283 0.446488 0.058372 0.204013
9 0.477727 0.444816 0.055300 0.200669
8 0.537634 0.193980 0.061444 0.227425
8 0.543011 0.439799 0.062980 0.190635
4 0.609063 0.439799 0.056836 0.177258
0 0.403226 0.729097 0.066052 0.227425
5 0.576037 0.717391 0.073733 0.230769
1 0.305684 0.454849 0.036866 0.193980
1 0.368664 0.451505 0.027650 0.200669
1 0.351767 0.740803 0.024578 0.237458
1 0.154378 0.777592 0.019969 0.177258
3 0.192012 0.774247 0.049155 0.177258
2 0.471582 0.195652 0.061444 0.237458
2 0.504608 0.722408 0.066052 0.240803