5 0.409744 0.470790 0.062300 0.199313
9 0.401757 0.750859 0.071885 0.237113
0 0.575879 0.747423 0.075080 0.243986
0 0.500799 0.745704 0.071885 0.240550
0 0.606230 0.467354 0.062300 0.213058
0 0.526358 0.219931 0.062300 0.226804
3 0.475240 0.470790 0.062300 0.213058
3 0.094249 0.475945 0.057508 0.202749
2 0.191693 0.786942 0.047923 0.171821
2 0.464856 0.221649 0.063898 0.230241
1 0.558307 0.469072 0.023962 0.189003
1 0.154153 0.786942 0.023962 0.158076
1 0.350639 0.752577 0.030351 0.213058
1 0.363419 0.472509 0.027157 0.195876
1 0.301118 0.475945 0.030351 0.195876