1 0.149225 0.802632 0.015504 0.157895
3 0.090116 0.460526 0.052326 0.201754
0 0.399225 0.771930 0.073643 0.236842
8 0.713178 0.214912 0.062016 0.245614
4 0.606589 0.471491 0.058140 0.197368
4 0.475775 0.471491 0.056202 0.206140
3 0.500969 0.765351 0.063953 0.241228
3 0.530039 0.208333 0.060078 0.232456
6 0.184109 0.802632 0.046512 0.166667
7 0.592054 0.203947 0.056202 0.232456
7 0.413760 0.467105 0.052326 0.223684
1 0.365310 0.469298 0.021318 0.201754
1 0.298450 0.469298 0.019380 0.210526
2 0.323643 0.767544 0.069767 0.245614
2 0.541667 0.471491 0.056202 0.214912