5 0.476190 0.464000 0.065934 0.224000
7 0.188645 0.800000 0.054945 0.192000
4 0.608059 0.468000 0.065934 0.216000
8 0.401099 0.768000 0.076923 0.256000
8 0.402930 0.204000 0.065934 0.248000
1 0.771062 0.200000 0.047619 0.256000
5 0.542125 0.468000 0.065934 0.216000
0 0.576923 0.756000 0.076923 0.264000
0 0.829670 0.200000 0.062271 0.256000
0 0.895604 0.204000 0.069597 0.248000
0 0.527473 0.204000 0.065934 0.248000
3 0.505495 0.760000 0.073260 0.256000
2 0.342491 0.468000 0.069597 0.232000
5 0.408425 0.468000 0.069597 0.232000