7 0.777365 0.246888 0.055659 0.244813
6 0.658627 0.238589 0.051948 0.244813
6 0.483302 0.481328 0.057514 0.215768
3 0.358071 0.477178 0.055659 0.215768
9 0.577922 0.773859 0.068646 0.244813
9 0.550093 0.491701 0.057514 0.211618
9 0.615028 0.493776 0.057514 0.207469
9 0.599258 0.234440 0.059369 0.244813
1 0.540816 0.236515 0.046382 0.248963
8 0.406308 0.769710 0.063080 0.244813
5 0.197588 0.792531 0.050093 0.174274
2 0.505566 0.773859 0.068646 0.236515
2 0.419295 0.483402 0.055659 0.211618
2 0.291280 0.470954 0.063080 0.203320