2 0.104286 0.481818 0.065714 0.224242
7 0.407143 0.236364 0.065714 0.254545
6 0.530000 0.233333 0.077143 0.248485
1 0.765714 0.230303 0.045714 0.254545
0 0.824286 0.227273 0.060000 0.248485
0 0.888571 0.230303 0.062857 0.254545
0 0.415714 0.478788 0.065714 0.218182
0 0.542857 0.478788 0.062857 0.218182
0 0.605714 0.478788 0.062857 0.230303
2 0.287143 0.481818 0.065714 0.224242
2 0.575714 0.739394 0.077143 0.254545
4 0.352857 0.478788 0.065714 0.218182
9 0.478571 0.475758 0.065714 0.224242
1 0.352857 0.751515 0.037143 0.242424
6 0.408571 0.748485 0.080000 0.260606
5 0.501429 0.742424 0.071429 0.260606