4 0.583682 0.736842 0.079498 0.228070
5 0.347280 0.456140 0.050209 0.210526
4 0.479079 0.464912 0.062762 0.210526
5 0.612971 0.469298 0.054393 0.219298
5 0.502092 0.741228 0.066946 0.254386
0 0.719665 0.210526 0.058577 0.245614
6 0.780335 0.223684 0.054393 0.236842
4 0.546025 0.464912 0.062762 0.192982
0 0.403766 0.745614 0.062762 0.245614
3 0.416318 0.460526 0.054393 0.219298
1 0.297071 0.460526 0.033473 0.219298
1 0.656904 0.219298 0.050209 0.228070
2 0.326360 0.732456 0.075314 0.254386
2 0.907950 0.232456 0.075314 0.254386