0 0.876316 0.190217 0.068421 0.228261
9 0.757895 0.201087 0.063158 0.228261
9 0.402632 0.478261 0.068421 0.217391
8 0.692105 0.201087 0.068421 0.228261
8 0.534211 0.467391 0.068421 0.195652
4 0.336842 0.483696 0.063158 0.184783
3 0.468421 0.472826 0.063158 0.206522
1 0.597368 0.733696 0.026316 0.206522
1 0.523684 0.744565 0.026316 0.206522
1 0.423684 0.755435 0.026316 0.206522
1 0.347368 0.755435 0.031579 0.206522
1 0.289474 0.489130 0.031579 0.195652
1 0.615789 0.461957 0.031579 0.184783
0 0.081579 0.505435 0.068421 0.206522