2 0.489362 0.347826 0.191489 0.076087
9 0.500000 0.472826 0.212766 0.065217
8 0.734043 0.521739 0.234043 0.076087
0 0.462766 0.097826 0.202128 0.065217
0 0.191489 0.203804 0.191489 0.048913
1 0.186170 0.163043 0.180851 0.032609
1 0.234043 0.358696 0.234043 0.032609
7 0.500000 0.413043 0.191489 0.054348
9 0.234043 0.413043 0.234043 0.076087
4 0.255319 0.584239 0.191489 0.081522
4 0.260638 0.505435 0.202128 0.076087
7 0.515957 0.605978 0.180851 0.059783
9 0.228723 0.413043 0.244681 0.076087
9 0.510638 0.546196 0.191489 0.070652