1 0.531952 0.224335 0.041451 0.235741
3 0.346287 0.465779 0.060449 0.209125
5 0.607081 0.484791 0.060449 0.209125
6 0.411054 0.473384 0.062176 0.209125
6 0.542314 0.482890 0.062176 0.205323
7 0.402418 0.760456 0.065630 0.228137
8 0.595855 0.228137 0.062176 0.235741
9 0.477547 0.475285 0.063903 0.205323
1 0.519862 0.775665 0.027634 0.212928
0 0.088083 0.450570 0.062176 0.201521
2 0.279793 0.465779 0.062176 0.209125
2 0.181347 0.787072 0.055268 0.174905
2 0.572539 0.777567 0.070812 0.239544
2 0.778066 0.239544 0.063903 0.235741
2 0.655440 0.233840 0.060449 0.231939