4 0.415541 0.447761 0.060811 0.208955
6 0.349662 0.444030 0.057432 0.216418
6 0.886824 0.205224 0.070946 0.246269
5 0.768581 0.201493 0.057432 0.238806
5 0.538851 0.444030 0.057432 0.216418
5 0.574324 0.731343 0.067568 0.253731
5 0.500000 0.727612 0.067568 0.246269
0 0.405405 0.727612 0.067568 0.246269
0 0.707770 0.205224 0.057432 0.246269
0 0.603041 0.444030 0.064189 0.216418
1 0.646959 0.194030 0.050676 0.253731
1 0.304054 0.451493 0.027027 0.216418
1 0.353041 0.723881 0.030405 0.253731
4 0.479730 0.447761 0.054054 0.208955