0 0.647778 0.253606 0.057778 0.228365
1 0.525000 0.248798 0.043333 0.228365
8 0.587222 0.251202 0.058889 0.233173
3 0.183333 0.801683 0.053333 0.180288
4 0.537778 0.500000 0.062222 0.197115
5 0.406667 0.493990 0.062222 0.209135
5 0.393333 0.777644 0.071111 0.228365
3 0.341111 0.495192 0.064444 0.206731
2 0.276667 0.487981 0.064444 0.206731
9 0.568889 0.781250 0.071111 0.230769
9 0.472778 0.495192 0.061111 0.206731
9 0.769444 0.256010 0.061111 0.228365
4 0.495556 0.780048 0.071111 0.228365
6 0.600556 0.501202 0.061111 0.204327