2 0.329140 0.775000 0.062893 0.259091
2 0.504193 0.770455 0.069182 0.259091
3 0.093291 0.502273 0.060797 0.195455
3 0.613208 0.484091 0.056604 0.213636
1 0.305031 0.495455 0.039832 0.209091
1 0.368973 0.490909 0.033543 0.209091
1 0.154088 0.825000 0.023061 0.168182
7 0.414046 0.484091 0.056604 0.204545
4 0.191824 0.820455 0.048218 0.150000
0 0.403564 0.779545 0.069182 0.250000
6 0.531447 0.231818 0.060797 0.236364
5 0.593291 0.227273 0.058700 0.245455
5 0.479036 0.486364 0.060797 0.209091
5 0.581761 0.768182 0.073375 0.245455
2 0.715933 0.227273 0.073375 0.245455
2 0.548218 0.486364 0.060797 0.218182