7 0.531250 0.462500 0.054688 0.208333
7 0.402344 0.470833 0.062500 0.208333
4 0.562500 0.745833 0.070312 0.225000
3 0.181641 0.779167 0.042969 0.175000
0 0.574219 0.225000 0.062500 0.216667
0 0.695312 0.229167 0.062500 0.225000
1 0.353516 0.479167 0.019531 0.208333
1 0.289062 0.483333 0.031250 0.216667
1 0.509766 0.750000 0.027344 0.233333
1 0.408203 0.750000 0.027344 0.233333
1 0.339844 0.754167 0.031250 0.241667
1 0.146484 0.783333 0.027344 0.183333
6 0.462891 0.470833 0.058594 0.225000
8 0.591797 0.470833 0.058594 0.208333