1 0.527746 0.199475 0.043035 0.246719
2 0.652322 0.196850 0.061155 0.246719
2 0.272367 0.476378 0.066818 0.223097
4 0.178935 0.829396 0.054360 0.173228
3 0.342582 0.476378 0.060023 0.223097
3 0.501699 0.783465 0.067950 0.249344
5 0.541903 0.472441 0.062288 0.220472
6 0.606455 0.472441 0.064553 0.225722
7 0.774632 0.196850 0.061155 0.257218
7 0.410532 0.472441 0.053228 0.220472
7 0.579841 0.779528 0.067950 0.251969
8 0.589468 0.198163 0.064553 0.249344
8 0.396376 0.786089 0.074745 0.259843
9 0.473952 0.469816 0.064553 0.220472