8 0.393004 0.765909 0.069959 0.240909
4 0.492798 0.772727 0.067901 0.227273
4 0.470165 0.477273 0.063786 0.209091
2 0.524691 0.209091 0.069959 0.245455
2 0.460905 0.211364 0.065844 0.240909
0 0.537037 0.479545 0.065844 0.213636
3 0.568930 0.770455 0.072016 0.250000
3 0.079218 0.463636 0.059671 0.209091
1 0.138889 0.802273 0.018519 0.159091
1 0.291152 0.475000 0.026749 0.195455
1 0.354938 0.470455 0.022634 0.195455
1 0.338477 0.768182 0.022634 0.218182
1 0.621399 0.479545 0.024691 0.195455
0 0.175926 0.800000 0.047325 0.172727
5 0.403292 0.470455 0.061728 0.213636