5 0.539554 0.475446 0.056795 0.236607
1 0.299189 0.491071 0.030426 0.232143
1 0.364097 0.486607 0.030426 0.223214
1 0.149087 0.819196 0.022312 0.191964
1 0.347870 0.787946 0.026369 0.263393
0 0.188641 0.810268 0.048682 0.191964
0 0.399594 0.770089 0.073022 0.254464
0 0.706897 0.223214 0.070994 0.250000
0 0.586207 0.220982 0.068966 0.245536
7 0.414807 0.475446 0.058824 0.227679
8 0.476673 0.470982 0.060852 0.227679
8 0.575051 0.765625 0.075051 0.254464
5 0.500000 0.763393 0.070994 0.250000
4 0.604462 0.477679 0.060852 0.196429