0 0.079651 0.472368 0.066279 0.218421
2 0.522674 0.214474 0.070930 0.255263
0 0.588372 0.217105 0.062791 0.255263
0 0.407558 0.481579 0.066279 0.226316
2 0.273837 0.475000 0.068605 0.218421
3 0.340698 0.478947 0.067442 0.231579
7 0.476744 0.476316 0.055814 0.215789
9 0.538372 0.481579 0.062791 0.226316
9 0.604070 0.482895 0.066279 0.218421
9 0.570930 0.782895 0.072093 0.255263
8 0.396512 0.780263 0.076744 0.250000
1 0.515698 0.782895 0.029070 0.228947
1 0.194767 0.814474 0.024419 0.181579
6 0.648837 0.219737 0.060465 0.250000
6 0.769767 0.218421 0.067442 0.252632