2 0.772358 0.205128 0.065041 0.235897
2 0.273519 0.465385 0.066202 0.217949
3 0.342044 0.462821 0.061556 0.217949
3 0.475029 0.462821 0.060395 0.212821
6 0.407666 0.462821 0.065041 0.217949
9 0.395470 0.753846 0.073171 0.246154
5 0.496516 0.755128 0.073171 0.238462
8 0.570267 0.753846 0.076655 0.241026
9 0.603949 0.465385 0.062718 0.212821
2 0.537166 0.465385 0.063879 0.212821
5 0.648664 0.205128 0.061556 0.241026
2 0.585947 0.203846 0.063879 0.238462
2 0.526132 0.205128 0.062718 0.235897
1 0.196864 0.791026 0.024390 0.156410