0 0.542341 0.495879 0.056040 0.222527
0 0.608966 0.497253 0.054795 0.219780
0 0.536115 0.240385 0.063512 0.233516
0 0.183686 0.813187 0.046077 0.181319
1 0.303238 0.495879 0.028643 0.239011
1 0.364882 0.491758 0.024907 0.214286
1 0.524907 0.791209 0.023661 0.241758
1 0.348692 0.791209 0.024907 0.236264
1 0.148817 0.822802 0.021171 0.184066
2 0.478207 0.495879 0.059776 0.211538
2 0.470735 0.237637 0.062267 0.239011
2 0.400374 0.787088 0.061021 0.255495
3 0.579078 0.787088 0.072229 0.266484
8 0.413450 0.494505 0.057285 0.225275