6 0.410194 0.469780 0.063107 0.236264
0 0.400485 0.769231 0.072816 0.263736
1 0.360437 0.469780 0.031553 0.214286
1 0.299757 0.472527 0.036408 0.219780
0 0.501214 0.771978 0.075243 0.269231
0 0.711165 0.203297 0.072816 0.263736
0 0.586165 0.206044 0.070388 0.258242
1 0.149272 0.807692 0.026699 0.186813
1 0.345874 0.774725 0.031553 0.241758
2 0.578883 0.769231 0.075243 0.274725
2 0.186893 0.807692 0.048544 0.197802
8 0.543689 0.472527 0.063107 0.241758
8 0.475728 0.472527 0.063107 0.230769
6 0.606796 0.469780 0.063107 0.236264