3 0.600000 0.478261 0.052174 0.191304
3 0.536957 0.478261 0.056522 0.191304
0 0.473913 0.495652 0.060870 0.208696
0 0.869565 0.226087 0.060870 0.208696
0 0.810870 0.230435 0.056522 0.217391
1 0.426087 0.495652 0.026087 0.173913
9 0.404348 0.756522 0.078261 0.243478
9 0.347826 0.504348 0.060870 0.191304
6 0.578261 0.734783 0.069565 0.217391
6 0.397826 0.278261 0.056522 0.208696
5 0.517391 0.256522 0.060870 0.217391
5 0.497826 0.743478 0.073913 0.234783
1 0.302174 0.513043 0.021739 0.191304
1 0.750000 0.243478 0.047826 0.226087