1 0.373239 0.500000 0.023474 0.181818
1 0.309859 0.497475 0.023474 0.176768
1 0.434272 0.772727 0.023474 0.202020
3 0.200704 0.818182 0.044601 0.161616
0 0.509390 0.765152 0.065728 0.227273
2 0.473005 0.242424 0.058685 0.222222
2 0.338028 0.772727 0.070423 0.222222
2 0.583333 0.762626 0.063380 0.222222
1 0.164319 0.820707 0.018779 0.146465
3 0.103286 0.505051 0.056338 0.191919
7 0.487089 0.489899 0.053991 0.191919
7 0.550469 0.484848 0.053991 0.191919
6 0.612676 0.482323 0.056338 0.196970
5 0.532864 0.239899 0.056338 0.217172
5 0.419014 0.492424 0.058685 0.196970