2 0.441983 0.314626 0.073840 0.180272
3 0.131857 0.624150 0.065401 0.146259
3 0.495781 0.284014 0.075949 0.180272
2 0.255274 0.819728 0.050633 0.122449
1 0.467300 0.721088 0.040084 0.163265
1 0.223629 0.831633 0.025316 0.112245
2 0.377637 0.750000 0.071730 0.180272
1 0.316456 0.557823 0.033755 0.136054
1 0.377637 0.532313 0.033755 0.139456
4 0.539030 0.687075 0.086498 0.156463
5 0.419831 0.513605 0.071730 0.156463
5 0.478903 0.491497 0.071730 0.153061
5 0.610759 0.668367 0.086498 0.180272
8 0.542194 0.469388 0.071730 0.156463
6 0.604430 0.445578 0.073840 0.163265