3 0.094249 0.476277 0.054313 0.215328
0 0.503195 0.779197 0.076677 0.259124
5 0.717252 0.215328 0.067093 0.255474
7 0.654952 0.213504 0.057508 0.244526
7 0.547923 0.478102 0.054313 0.204380
2 0.592652 0.218978 0.067093 0.248175
4 0.607827 0.485401 0.062300 0.197080
3 0.412939 0.481752 0.055911 0.204380
1 0.499201 0.476277 0.027157 0.200730
1 0.351438 0.771898 0.028754 0.229927
1 0.602236 0.781022 0.047923 0.248175
4 0.346645 0.479927 0.060703 0.208029
2 0.400958 0.782847 0.070288 0.251825
2 0.279553 0.479927 0.060703 0.215328