0 0.830882 0.236559 0.063725 0.236559
6 0.600490 0.478495 0.063725 0.204301
6 0.536765 0.478495 0.063725 0.204301
0 0.894608 0.241935 0.063725 0.225806
1 0.294118 0.478495 0.029412 0.204301
1 0.769608 0.236559 0.049020 0.236559
9 0.394608 0.763441 0.083333 0.236559
2 0.404412 0.467742 0.063725 0.204301
2 0.492647 0.768817 0.073529 0.247312
2 0.568627 0.774194 0.078431 0.236559
6 0.473039 0.473118 0.063725 0.215054
5 0.343137 0.473118 0.058824 0.215054
7 0.529412 0.225806 0.068627 0.236559
8 0.404412 0.220430 0.073529 0.247312