9 0.573069 0.745575 0.073069 0.234513
8 0.396660 0.736726 0.075157 0.234513
7 0.188935 0.756637 0.052192 0.176991
5 0.497912 0.738938 0.068894 0.247788
5 0.541754 0.471239 0.060543 0.216814
3 0.608559 0.475664 0.060543 0.216814
3 0.414405 0.464602 0.060543 0.212389
3 0.348643 0.457965 0.058455 0.216814
2 0.279749 0.457965 0.062630 0.216814
4 0.652401 0.234513 0.056367 0.238938
6 0.477035 0.464602 0.060543 0.212389
6 0.592902 0.230088 0.062630 0.238938
0 0.092902 0.440265 0.064718 0.207965
1 0.773486 0.241150 0.048017 0.243363
1 0.532359 0.223451 0.050104 0.243363