1 0.468281 0.215426 0.043829 0.260638
1 0.298731 0.488032 0.034602 0.231383
1 0.363322 0.485372 0.023068 0.231383
1 0.348328 0.789894 0.027682 0.250000
3 0.087082 0.494681 0.061130 0.244681
3 0.542676 0.478723 0.051903 0.234043
4 0.501730 0.775266 0.069204 0.226064
4 0.577278 0.776596 0.070358 0.234043
7 0.529988 0.206117 0.063437 0.247340
7 0.403691 0.771277 0.057670 0.228723
1 0.149942 0.831117 0.020761 0.162234
0 0.186851 0.831117 0.048443 0.178191
0 0.476355 0.477394 0.062284 0.220745
8 0.411765 0.474734 0.059977 0.215426
2 0.605536 0.473404 0.053057 0.234043