9 0.192771 0.802469 0.060241 0.172840
8 0.403614 0.240741 0.072289 0.234568
4 0.527108 0.234568 0.078313 0.246914
4 0.478916 0.475309 0.066265 0.185185
1 0.768072 0.216049 0.054217 0.234568
1 0.430723 0.746914 0.042169 0.234568
0 0.828313 0.216049 0.066265 0.234568
0 0.894578 0.216049 0.066265 0.234568
2 0.346386 0.481481 0.066265 0.222222
2 0.334337 0.759259 0.078313 0.259259
2 0.503012 0.740741 0.078313 0.246914
6 0.409639 0.481481 0.072289 0.222222
6 0.614458 0.462963 0.072289 0.209877
5 0.545181 0.462963 0.066265 0.209877
5 0.581325 0.728395 0.078313 0.246914