1 0.777523 0.240196 0.041284 0.264706
9 0.415138 0.455882 0.068807 0.225490
8 0.408257 0.205882 0.064220 0.235294
1 0.536697 0.220588 0.073394 0.245098
1 0.653670 0.210784 0.050459 0.264706
1 0.493119 0.475490 0.032110 0.225490
0 0.087156 0.450980 0.064220 0.215686
0 0.571101 0.759804 0.068807 0.264706
0 0.834862 0.235294 0.064220 0.254902
0 0.901376 0.235294 0.068807 0.254902
2 0.344037 0.455882 0.064220 0.225490
2 0.493119 0.754902 0.068807 0.254902
5 0.178899 0.764706 0.055046 0.196078
6 0.392202 0.750000 0.077982 0.264706
6 0.605505 0.480392 0.055046 0.235294
4 0.543578 0.460784 0.059633 0.196078