6 0.539931 0.480469 0.065972 0.226562
7 0.578125 0.773438 0.065972 0.250000
2 0.225694 0.214844 0.055556 0.242188
2 0.477431 0.484375 0.059028 0.218750
1 0.621528 0.484375 0.027778 0.218750
1 0.343750 0.769531 0.027778 0.226562
8 0.343750 0.472656 0.062500 0.210938
8 0.399306 0.769531 0.069444 0.242188
4 0.409722 0.468750 0.062500 0.218750
9 0.711806 0.230469 0.062500 0.242188
0 0.491319 0.777344 0.072917 0.257812
0 0.770833 0.234375 0.055556 0.234375
0 0.286458 0.210938 0.059028 0.250000
0 0.345486 0.218750 0.059028 0.234375
0 0.409722 0.210938 0.062500 0.250000
6 0.890625 0.234375 0.065972 0.234375