1 0.530000 0.298469 0.220000 0.025510
7 0.280000 0.579082 0.220000 0.066327
1 0.260000 0.349490 0.240000 0.025510
1 0.770000 0.227041 0.240000 0.045918
6 0.265000 0.403061 0.230000 0.071429
6 0.780000 0.885204 0.240000 0.066327
9 0.780000 0.701531 0.240000 0.066327
4 0.535000 0.346939 0.190000 0.061224
4 0.270000 0.502551 0.220000 0.066327
7 0.535000 0.543367 0.210000 0.056122
7 0.535000 0.482143 0.210000 0.056122
8 0.540000 0.604592 0.200000 0.066327
8 0.775000 0.762755 0.230000 0.056122
9 0.535000 0.410714 0.210000 0.066327