0 0.148649 0.514286 0.063063 0.190476
9 0.245495 0.819048 0.049550 0.171429
0 0.936937 0.280952 0.063063 0.238095
0 0.873874 0.280952 0.063063 0.238095
8 0.454955 0.276190 0.063063 0.228571
8 0.463964 0.519048 0.063063 0.200000
4 0.592342 0.514286 0.067568 0.190476
6 0.623874 0.785714 0.067568 0.238095
3 0.551802 0.790476 0.067568 0.228571
2 0.380631 0.780952 0.076577 0.228571
2 0.653153 0.519048 0.063063 0.200000
2 0.527027 0.519048 0.063063 0.200000
1 0.475225 0.785714 0.031532 0.219048
2 0.396396 0.519048 0.063063 0.200000
1 0.815315 0.280952 0.045045 0.238095
1 0.572072 0.276190 0.045045 0.228571