5 0.411765 0.485915 0.065359 0.211268
2 0.323529 0.753521 0.071895 0.239437
2 0.542484 0.492958 0.065359 0.225352
2 0.346405 0.485915 0.065359 0.211268
0 0.398693 0.760563 0.078431 0.253521
0 0.895425 0.260563 0.065359 0.239437
0 0.833333 0.253521 0.058824 0.253521
1 0.771242 0.253521 0.052288 0.253521
9 0.189542 0.781690 0.052288 0.183099
9 0.607843 0.492958 0.065359 0.225352
9 0.532680 0.239437 0.071895 0.253521
7 0.411765 0.232394 0.065359 0.239437
3 0.500000 0.767606 0.071895 0.239437
3 0.571895 0.767606 0.071895 0.239437
3 0.477124 0.485915 0.065359 0.211268