0 0.493976 0.763158 0.082616 0.278195
3 0.590361 0.227444 0.061962 0.266917
5 0.765060 0.238722 0.067126 0.266917
4 0.181583 0.778195 0.063683 0.203008
2 0.573150 0.759398 0.079174 0.293233
3 0.345955 0.469925 0.065404 0.248120
3 0.413941 0.471805 0.067126 0.236842
3 0.543029 0.479323 0.063683 0.236842
3 0.606713 0.486842 0.063683 0.236842
2 0.275387 0.471805 0.075731 0.236842
2 0.649742 0.223684 0.060241 0.281955
2 0.521515 0.225564 0.075731 0.270677
1 0.342513 0.759398 0.037866 0.255639
0 0.401033 0.761278 0.075731 0.274436
1 0.491394 0.481203 0.039587 0.233083