8 0.412195 0.482574 0.058537 0.219839
9 0.607317 0.478552 0.051220 0.227882
6 0.575610 0.764075 0.065854 0.257373
8 0.188415 0.796247 0.050000 0.187668
8 0.540854 0.482574 0.062195 0.214477
2 0.468293 0.221180 0.056098 0.249330
1 0.364634 0.482574 0.021951 0.209115
1 0.306098 0.486595 0.036585 0.217158
1 0.350000 0.766756 0.024390 0.246649
0 0.400000 0.764075 0.068293 0.246649
3 0.479268 0.482574 0.056098 0.203753
3 0.096951 0.469169 0.057317 0.214477
2 0.500610 0.765416 0.067073 0.249330
2 0.533537 0.222520 0.059756 0.219839