8 0.703947 0.225352 0.065789 0.253521
9 0.769737 0.225352 0.052632 0.253521
4 0.569079 0.753521 0.072368 0.239437
0 0.891447 0.246479 0.085526 0.267606
0 0.493421 0.767606 0.078947 0.267606
1 0.098684 0.464789 0.026316 0.225352
1 0.289474 0.471831 0.026316 0.211268
2 0.404605 0.471831 0.059211 0.211268
2 0.315789 0.753521 0.078947 0.267606
2 0.598684 0.478873 0.065789 0.225352
3 0.398026 0.753521 0.072368 0.267606
5 0.470395 0.478873 0.059211 0.225352
5 0.338816 0.464789 0.059211 0.225352
6 0.536184 0.471831 0.059211 0.239437