1 0.151020 0.814286 0.024490 0.180952
0 0.583673 0.766667 0.081633 0.276190
0 0.506122 0.761905 0.073469 0.266667
0 0.087755 0.457143 0.069388 0.228571
2 0.406122 0.766667 0.069388 0.276190
2 0.330612 0.776190 0.073469 0.276190
2 0.467347 0.176190 0.069388 0.276190
2 0.342857 0.457143 0.073469 0.228571
8 0.612245 0.452381 0.065306 0.238095
8 0.542857 0.452381 0.065306 0.238095
8 0.479592 0.452381 0.061224 0.238095
8 0.189796 0.809524 0.053061 0.190476
9 0.412245 0.452381 0.065306 0.238095
6 0.536735 0.176190 0.069388 0.276190