1 0.532986 0.801676 0.026620 0.245810
5 0.537037 0.208101 0.064815 0.259777
3 0.093750 0.506983 0.053241 0.220670
2 0.473380 0.216480 0.055556 0.254190
1 0.303819 0.501397 0.024306 0.220670
1 0.370949 0.494413 0.017361 0.201117
1 0.157407 0.861732 0.020833 0.170391
1 0.357060 0.817039 0.026620 0.243017
9 0.548032 0.490223 0.056713 0.215084
9 0.407407 0.805866 0.067130 0.265363
8 0.417245 0.494413 0.061343 0.229050
6 0.580440 0.804469 0.063657 0.262570
6 0.484375 0.494413 0.063657 0.229050
3 0.611690 0.487430 0.054398 0.237430
5 0.193287 0.860335 0.050926 0.189944