9 0.716837 0.230337 0.056122 0.235955
8 0.346939 0.460674 0.061224 0.224719
6 0.543367 0.477528 0.056122 0.235955
6 0.900510 0.247191 0.066327 0.247191
3 0.482143 0.483146 0.056122 0.224719
3 0.410714 0.483146 0.056122 0.224719
2 0.227041 0.207865 0.056122 0.235955
0 0.397959 0.764045 0.071429 0.247191
0 0.502551 0.769663 0.066327 0.258427
0 0.573980 0.769663 0.066327 0.235955
0 0.778061 0.230337 0.056122 0.235955
0 0.413265 0.213483 0.061224 0.224719
0 0.288265 0.213483 0.056122 0.224719
0 0.352041 0.213483 0.051020 0.224719
2 0.612245 0.483146 0.061224 0.224719
1 0.346939 0.758427 0.030612 0.258427