5 0.502538 0.778409 0.071066 0.261364
8 0.538071 0.482955 0.060914 0.238636
0 0.472081 0.482955 0.060914 0.238636
0 0.411168 0.494318 0.060914 0.238636
0 0.690355 0.210227 0.060914 0.261364
5 0.408629 0.795455 0.076142 0.250000
5 0.598985 0.482955 0.060914 0.238636
5 0.345178 0.500000 0.060914 0.227273
5 0.751269 0.204545 0.060914 0.272727
6 0.576142 0.778409 0.076142 0.261364
6 0.868020 0.198864 0.071066 0.261364
1 0.114213 0.534091 0.025381 0.227273
1 0.302030 0.517045 0.025381 0.215909
1 0.631980 0.215909 0.055838 0.272727