2 0.487973 0.488636 0.061856 0.204545
0 0.613402 0.496212 0.058419 0.219697
3 0.115120 0.473485 0.065292 0.219697
1 0.314433 0.484848 0.037801 0.196970
1 0.378007 0.481061 0.034364 0.204545
5 0.553265 0.488636 0.061856 0.204545
1 0.362543 0.761364 0.030928 0.219697
7 0.427835 0.481061 0.058419 0.204545
8 0.410653 0.761364 0.072165 0.250000
4 0.506873 0.761364 0.072165 0.219697
2 0.579038 0.765152 0.072165 0.242424
5 0.536082 0.246212 0.068729 0.250000
5 0.714777 0.253788 0.075601 0.250000
9 0.599656 0.250000 0.058419 0.242424