8 0.424913 0.458445 0.069849 0.252011
1 0.357974 0.792225 0.036088 0.308311
1 0.307334 0.470509 0.032596 0.260054
1 0.374854 0.454424 0.032596 0.243968
6 0.629802 0.470509 0.065192 0.276139
7 0.415600 0.766756 0.062864 0.310992
5 0.513970 0.773458 0.071013 0.302949
2 0.483702 0.180965 0.075669 0.292225
2 0.493015 0.462466 0.061700 0.265416
3 0.090221 0.454424 0.059371 0.270777
3 0.564028 0.470509 0.061700 0.260054
0 0.554133 0.178284 0.062864 0.270777
9 0.189173 0.806971 0.061700 0.252011
8 0.593132 0.794906 0.080326 0.319035