6 0.408408 0.460526 0.060060 0.210526
0 0.525526 0.213816 0.066066 0.230263
1 0.361862 0.480263 0.039039 0.223684
1 0.301802 0.473684 0.045045 0.210526
1 0.460961 0.210526 0.045045 0.236842
5 0.585586 0.213816 0.060060 0.230263
3 0.501502 0.753289 0.066066 0.230263
3 0.096096 0.470395 0.060060 0.203947
1 0.150150 0.789474 0.036036 0.184211
1 0.420420 0.750000 0.036036 0.236842
4 0.705706 0.220395 0.078078 0.230263
4 0.187688 0.799342 0.051051 0.190789
7 0.475976 0.457237 0.063063 0.203947
7 0.573574 0.743421 0.060060 0.250000
2 0.325826 0.750000 0.075075 0.250000
2 0.536036 0.467105 0.063063 0.197368
2 0.600601 0.470395 0.060060 0.203947