8 0.577381 0.771739 0.071429 0.247826
1 0.517857 0.771739 0.043651 0.230435
0 0.092262 0.476087 0.065476 0.213043
2 0.284722 0.482609 0.057540 0.217391
2 0.478175 0.484783 0.055556 0.204348
3 0.350198 0.484783 0.053571 0.213043
3 0.415675 0.486957 0.057540 0.217391
5 0.606151 0.491304 0.061508 0.217391
9 0.541667 0.484783 0.059524 0.213043
6 0.398810 0.771739 0.075397 0.256522
6 0.184524 0.806522 0.055556 0.178261
5 0.768849 0.236957 0.065476 0.265217
2 0.652778 0.232609 0.055556 0.247826
6 0.594246 0.234783 0.061508 0.243478
1 0.531746 0.232609 0.051587 0.256522