9 0.411585 0.756757 0.073171 0.256757
5 0.589939 0.746622 0.076220 0.263514
3 0.515244 0.750000 0.073171 0.270270
7 0.782012 0.199324 0.064024 0.250000
0 0.719512 0.202703 0.073171 0.243243
4 0.553354 0.459459 0.070122 0.202703
2 0.617378 0.459459 0.064024 0.229730
2 0.420732 0.469595 0.067073 0.222973
6 0.356707 0.472973 0.060976 0.216216
1 0.658537 0.202703 0.048780 0.243243
1 0.362805 0.770270 0.030488 0.229730
1 0.310976 0.476351 0.030488 0.195946
0 0.902439 0.189189 0.067073 0.243243
0 0.489329 0.462838 0.064024 0.222973
0 0.097561 0.486486 0.067073 0.229730