7 0.406752 0.755245 0.080386 0.279720
4 0.763666 0.244755 0.067524 0.265734
0 0.098071 0.479021 0.073955 0.230769
1 0.527331 0.241259 0.057878 0.258741
2 0.284566 0.486014 0.073955 0.244755
9 0.586817 0.237762 0.067524 0.265734
3 0.651125 0.237762 0.054662 0.265734
3 0.355305 0.482517 0.061093 0.237762
3 0.416399 0.482517 0.061093 0.251748
3 0.196141 0.797203 0.057878 0.209790
8 0.477492 0.489510 0.061093 0.237762
8 0.575563 0.765734 0.077170 0.272727
6 0.541801 0.489510 0.067524 0.237762
5 0.606109 0.489510 0.061093 0.237762
5 0.496785 0.769231 0.073955 0.279720