1 0.468641 0.255396 0.052265 0.237410
1 0.302265 0.508993 0.040070 0.190647
1 0.364111 0.503597 0.034843 0.201439
1 0.351916 0.773381 0.034843 0.223022
3 0.089721 0.512590 0.064460 0.205036
8 0.412021 0.496403 0.064460 0.201439
0 0.478223 0.500000 0.064460 0.208633
7 0.543554 0.491007 0.062718 0.197842
7 0.410279 0.764388 0.067944 0.219424
7 0.581010 0.760791 0.067944 0.248201
3 0.500000 0.769784 0.076655 0.244604
3 0.610627 0.492806 0.060976 0.208633
9 0.188153 0.814748 0.052265 0.169065
8 0.531359 0.257194 0.066202 0.233813