6 0.575000 0.803279 0.078571 0.262295
9 0.392857 0.795082 0.071429 0.278689
2 0.339286 0.491803 0.064286 0.229508
4 0.539286 0.500000 0.064286 0.213115
1 0.614286 0.508197 0.028571 0.229508
1 0.771429 0.245902 0.042857 0.295082
0 0.467857 0.491803 0.064286 0.229508
0 0.085714 0.483607 0.057143 0.245902
0 0.896429 0.245902 0.064286 0.262295
0 0.828571 0.245902 0.057143 0.262295
0 0.521429 0.221311 0.071429 0.245902
8 0.403571 0.229508 0.064286 0.262295
8 0.403571 0.491803 0.064286 0.229508
8 0.178571 0.819672 0.057143 0.196721
5 0.496429 0.795082 0.064286 0.278689