2 0.338235 0.483607 0.073529 0.245902
8 0.400735 0.221311 0.080882 0.245902
4 0.522059 0.221311 0.073529 0.245902
8 0.187500 0.803279 0.066176 0.196721
0 0.397059 0.770492 0.073529 0.262295
5 0.496324 0.762295 0.080882 0.278689
5 0.599265 0.475410 0.066176 0.229508
7 0.540441 0.467213 0.066176 0.213115
4 0.474265 0.483607 0.066176 0.213115
6 0.404412 0.475410 0.058824 0.229508
0 0.878676 0.213115 0.066176 0.229508
0 0.816176 0.221311 0.058824 0.245902
1 0.757353 0.221311 0.044118 0.245902
1 0.345588 0.770492 0.029412 0.229508
2 0.577206 0.762295 0.080882 0.278689