3 0.088098 0.488251 0.059510 0.245431
6 0.528005 0.208877 0.078180 0.276762
8 0.718203 0.203655 0.073512 0.287206
9 0.595099 0.208877 0.060677 0.276762
1 0.302800 0.479112 0.038506 0.232376
1 0.365228 0.475196 0.039673 0.219321
1 0.350058 0.771540 0.037340 0.263708
1 0.146441 0.809399 0.033839 0.203655
2 0.187865 0.810705 0.049008 0.227154
2 0.505834 0.770235 0.071179 0.302872
7 0.406651 0.763708 0.064177 0.284595
7 0.584597 0.759791 0.072345 0.281984
7 0.417153 0.473890 0.061844 0.242820
7 0.614936 0.473890 0.058343 0.242820
6 0.482497 0.475196 0.059510 0.250653
5 0.549592 0.471279 0.067678 0.248042