9 0.699557 0.192661 0.068736 0.275229
8 0.525499 0.454128 0.066519 0.256881
6 0.314856 0.474771 0.066519 0.243119
5 0.566519 0.743119 0.082040 0.275229
2 0.384701 0.474771 0.068736 0.243119
2 0.299335 0.759174 0.075388 0.279817
2 0.769401 0.190367 0.066519 0.279817
4 0.596452 0.454128 0.070953 0.220183
1 0.266075 0.479358 0.035477 0.233945
1 0.508869 0.750000 0.033259 0.252294
0 0.378049 0.754587 0.082040 0.279817
0 0.042129 0.490826 0.075388 0.229358
3 0.456763 0.472477 0.066519 0.238532
0 0.896896 0.178899 0.073171 0.284404