2 0.196023 0.771605 0.051136 0.160494
0 0.406250 0.759259 0.073864 0.234568
1 0.568182 0.500000 0.022727 0.209877
1 0.352273 0.765432 0.022727 0.222222
1 0.306818 0.475309 0.022727 0.185185
1 0.372159 0.475309 0.028409 0.185185
3 0.099432 0.450617 0.062500 0.209877
3 0.505682 0.777778 0.068182 0.246914
2 0.477273 0.240741 0.068182 0.234568
1 0.153409 0.771605 0.022727 0.160494
8 0.576705 0.771605 0.073864 0.234568
7 0.485795 0.487654 0.062500 0.209877
5 0.420455 0.475309 0.056818 0.209877
5 0.539773 0.240741 0.056818 0.234568
4 0.613636 0.500000 0.056818 0.209877