6 0.891566 0.186667 0.084337 0.266667
8 0.539157 0.473333 0.066265 0.226667
3 0.475904 0.473333 0.060241 0.226667
5 0.602410 0.460000 0.060241 0.226667
5 0.343373 0.486667 0.060241 0.226667
1 0.295181 0.500000 0.036145 0.253333
9 0.765060 0.193333 0.060241 0.253333
1 0.099398 0.513333 0.030120 0.253333
2 0.403614 0.480000 0.060241 0.213333
2 0.394578 0.780000 0.066265 0.280000
2 0.319277 0.786667 0.072289 0.266667
2 0.503012 0.773333 0.066265 0.266667
2 0.578313 0.766667 0.072289 0.280000
8 0.704819 0.200000 0.060241 0.266667