3 0.080469 0.483553 0.067187 0.223684
7 0.575000 0.754934 0.068750 0.253289
7 0.400000 0.751645 0.071875 0.246711
6 0.468750 0.481908 0.062500 0.200658
4 0.339062 0.483553 0.065625 0.203947
1 0.340625 0.769737 0.034375 0.243421
3 0.497656 0.759868 0.073438 0.263158
3 0.603125 0.486842 0.059375 0.217105
0 0.533594 0.478618 0.057813 0.200658
0 0.707812 0.233553 0.062500 0.230263
2 0.272656 0.491776 0.064062 0.213816
2 0.402344 0.480263 0.060937 0.210526
7 0.645312 0.222039 0.056250 0.233553
7 0.582031 0.233553 0.057813 0.263158