2 0.332470 0.770751 0.074266 0.252964
4 0.552677 0.460474 0.058722 0.201581
4 0.509499 0.768775 0.069085 0.225296
1 0.430915 0.774704 0.025907 0.229249
1 0.204663 0.814229 0.018998 0.166008
1 0.151123 0.816206 0.018998 0.169960
3 0.419689 0.458498 0.058722 0.221344
2 0.910190 0.181818 0.062176 0.237154
2 0.352332 0.462451 0.062176 0.213439
2 0.284111 0.460474 0.060449 0.217391
9 0.786701 0.181818 0.060449 0.245059
8 0.619171 0.460474 0.063903 0.217391
8 0.587219 0.764822 0.069085 0.249012
8 0.725389 0.179842 0.062176 0.249012
0 0.086356 0.460474 0.058722 0.209486
0 0.485320 0.454545 0.058722 0.213439