8 0.771920 0.217172 0.063263 0.247475
7 0.542730 0.476010 0.055494 0.209596
7 0.478357 0.477273 0.059933 0.212121
7 0.410655 0.470960 0.057714 0.204545
3 0.341287 0.477273 0.065483 0.222222
3 0.607103 0.482323 0.062153 0.212121
2 0.570477 0.781566 0.073252 0.244949
2 0.524972 0.213384 0.068812 0.250000
2 0.270810 0.474747 0.062153 0.217172
1 0.587680 0.212121 0.041065 0.247475
0 0.650388 0.214646 0.059933 0.242424
9 0.395117 0.780303 0.073252 0.247475
0 0.079356 0.469697 0.065483 0.212121
5 0.496115 0.782828 0.068812 0.247475
4 0.178135 0.809343 0.054384 0.159091