1 0.430199 0.493750 0.028490 0.200000
8 0.544160 0.496875 0.068376 0.218750
6 0.397436 0.784375 0.076923 0.256250
6 0.182336 0.812500 0.056980 0.175000
6 0.777778 0.250000 0.062678 0.250000
1 0.529915 0.234375 0.045584 0.256250
2 0.592593 0.237500 0.062678 0.250000
0 0.085470 0.481250 0.062678 0.212500
0 0.574074 0.793750 0.076923 0.250000
0 0.500000 0.787500 0.071225 0.250000
1 0.628205 0.509375 0.025641 0.206250
2 0.475783 0.493750 0.056980 0.212500
2 0.276353 0.490625 0.068376 0.218750
3 0.653846 0.237500 0.065527 0.250000
3 0.347578 0.484375 0.062678 0.206250