0 0.500000 0.750000 0.072340 0.240741
0 0.604255 0.504630 0.068085 0.212963
0 0.531915 0.259259 0.068085 0.240741
1 0.757447 0.254630 0.034043 0.250000
1 0.427660 0.759259 0.038298 0.222222
1 0.363830 0.754630 0.046809 0.231481
1 0.223404 0.787037 0.029787 0.185185
1 0.174468 0.782407 0.034043 0.157407
8 0.417021 0.254630 0.059574 0.212963
0 0.812766 0.263889 0.059574 0.231481
0 0.876596 0.273148 0.068085 0.231481
2 0.357447 0.486111 0.076596 0.212963
2 0.572340 0.763889 0.063830 0.250000
7 0.429787 0.476852 0.059574 0.194444
7 0.487234 0.486111 0.046809 0.194444
9 0.542553 0.495370 0.055319 0.212963
0 0.121277 0.481481 0.063830 0.185185