1 0.520211 0.792000 0.028120 0.232000
1 0.594025 0.794000 0.028120 0.228000
1 0.427065 0.488000 0.028120 0.200000
1 0.492970 0.488000 0.026362 0.200000
6 0.649385 0.228000 0.061511 0.248000
9 0.771529 0.232000 0.063269 0.248000
9 0.395431 0.786000 0.073814 0.244000
0 0.083480 0.474000 0.065026 0.212000
2 0.275923 0.482000 0.066784 0.220000
2 0.538664 0.486000 0.061511 0.212000
2 0.180141 0.820000 0.054482 0.184000
3 0.343585 0.486000 0.061511 0.220000
2 0.587873 0.224000 0.061511 0.248000
3 0.524605 0.222000 0.065026 0.252000