6 0.582873 0.229412 0.060773 0.247059
9 0.519337 0.229412 0.066298 0.270588
1 0.342541 0.752941 0.044199 0.258824
7 0.414365 0.476471 0.066298 0.223529
7 0.406077 0.747059 0.071823 0.247059
3 0.477901 0.482353 0.060773 0.235294
5 0.538674 0.488235 0.060773 0.247059
5 0.494475 0.770588 0.082873 0.270588
6 0.602210 0.482353 0.066298 0.235294
6 0.577348 0.758824 0.082873 0.270588
1 0.298343 0.476471 0.055249 0.247059
0 0.091160 0.470588 0.071823 0.211765
8 0.709945 0.229412 0.082873 0.270588
1 0.361878 0.476471 0.049724 0.247059