3 0.195691 0.791985 0.046679 0.209924
2 0.401257 0.746183 0.066427 0.270992
4 0.541293 0.463740 0.062837 0.225191
7 0.478456 0.463740 0.059246 0.232824
6 0.574506 0.734733 0.071813 0.270992
6 0.412926 0.471374 0.061041 0.240458
1 0.350090 0.751908 0.032316 0.259542
1 0.155296 0.793893 0.026930 0.198473
1 0.361759 0.475191 0.030521 0.225191
1 0.301616 0.480916 0.032316 0.221374
0 0.502693 0.738550 0.068223 0.278626
0 0.605027 0.461832 0.061041 0.236641
0 0.705566 0.219466 0.071813 0.255725
0 0.582585 0.217557 0.070018 0.259542