9 0.479412 0.474359 0.064706 0.230769
0 0.544118 0.474359 0.064706 0.230769
1 0.117647 0.480769 0.035294 0.192308
1 0.300000 0.480769 0.035294 0.217949
0 0.891176 0.224359 0.076471 0.243590
2 0.329412 0.769231 0.070588 0.282051
4 0.608824 0.480769 0.064706 0.217949
5 0.352941 0.487179 0.070588 0.230769
7 0.582353 0.762821 0.082353 0.269231
2 0.505882 0.762821 0.070588 0.269231
2 0.405882 0.762821 0.070588 0.269231
1 0.429412 0.480769 0.035294 0.217949
8 0.705882 0.224359 0.070588 0.243590
9 0.770588 0.230769 0.058824 0.256410