6 0.642391 0.442661 0.063043 0.215596
4 0.615217 0.731651 0.082609 0.243119
0 0.531522 0.736239 0.080435 0.252294
2 0.353261 0.743119 0.084783 0.256881
2 0.208696 0.784404 0.047826 0.183486
8 0.572826 0.444954 0.067391 0.220183
5 0.504348 0.440367 0.065217 0.220183
1 0.451087 0.733945 0.058696 0.238532
1 0.163043 0.779817 0.039130 0.183486
1 0.379348 0.449541 0.045652 0.201835
1 0.320652 0.458716 0.058696 0.211009
3 0.101087 0.465596 0.063043 0.233945
8 0.752174 0.178899 0.082609 0.256881
7 0.622826 0.188073 0.058696 0.247706
6 0.439130 0.442661 0.065217 0.233945
6 0.557609 0.190367 0.067391 0.252294