8 0.400778 0.769231 0.070039 0.256410
9 0.404669 0.487179 0.062257 0.222222
3 0.538911 0.482906 0.058366 0.213675
9 0.601167 0.482906 0.058366 0.213675
0 0.091440 0.487179 0.058366 0.205128
4 0.525292 0.230769 0.062257 0.256410
2 0.186770 0.811966 0.046693 0.188034
1 0.153696 0.811966 0.019455 0.188034
5 0.498054 0.764957 0.077821 0.247863
6 0.571984 0.764957 0.070039 0.247863
6 0.470817 0.487179 0.062257 0.222222
1 0.348249 0.782051 0.027237 0.264957
2 0.336576 0.491453 0.066148 0.230769
2 0.463035 0.235043 0.062257 0.247863