7 0.479730 0.471429 0.054054 0.200000
5 0.415541 0.471429 0.060811 0.200000
5 0.503378 0.742857 0.074324 0.228571
1 0.766892 0.200000 0.047297 0.228571
1 0.212838 0.792857 0.020270 0.157143
1 0.162162 0.785714 0.027027 0.171429
0 0.604730 0.457143 0.060811 0.200000
0 0.827703 0.200000 0.060811 0.228571
0 0.888514 0.192857 0.060811 0.242857
8 0.402027 0.228571 0.060811 0.228571
9 0.540541 0.464286 0.067568 0.214286
8 0.577703 0.735714 0.074324 0.242857
9 0.405405 0.750000 0.067568 0.242857
2 0.527027 0.228571 0.067568 0.228571
2 0.347973 0.478571 0.060811 0.214286