0 0.584699 0.233846 0.068306 0.252308
1 0.417350 0.492308 0.025956 0.221538
1 0.099727 0.487692 0.027322 0.230769
1 0.290301 0.489231 0.025956 0.227692
9 0.459016 0.220000 0.057377 0.255385
9 0.399590 0.218462 0.058743 0.252308
0 0.594945 0.492308 0.061475 0.221538
7 0.538251 0.489231 0.054645 0.215385
6 0.465164 0.487692 0.064208 0.218462
6 0.340164 0.484615 0.062842 0.224615
2 0.221995 0.224615 0.064208 0.246154
2 0.382514 0.772308 0.062842 0.246154
2 0.313525 0.773846 0.072404 0.243077
1 0.506148 0.787692 0.031421 0.252308
2 0.560792 0.783077 0.072404 0.261538