0 0.908088 0.187243 0.066176 0.251029
0 0.585478 0.767490 0.071691 0.251029
1 0.432904 0.773663 0.027574 0.222222
1 0.355699 0.779835 0.027574 0.218107
1 0.302390 0.481481 0.023897 0.197531
1 0.657169 0.195473 0.042279 0.242798
3 0.416360 0.475309 0.060662 0.218107
3 0.511949 0.767490 0.068015 0.251029
0 0.718750 0.195473 0.062500 0.242798
6 0.346507 0.477366 0.060662 0.213992
7 0.619485 0.462963 0.058824 0.209877
7 0.781250 0.191358 0.062500 0.242798
8 0.482537 0.473251 0.064338 0.213992
8 0.547794 0.467078 0.066176 0.218107