5 0.541353 0.465569 0.060150 0.236527
4 0.410401 0.462575 0.071429 0.230539
4 0.605263 0.470060 0.062657 0.233533
0 0.895363 0.203593 0.071429 0.311377
0 0.081454 0.456587 0.065163 0.242515
1 0.295113 0.473054 0.031328 0.263473
2 0.775689 0.191617 0.060150 0.287425
0 0.496867 0.775449 0.078947 0.281437
9 0.713033 0.188623 0.062657 0.287425
8 0.399749 0.787425 0.075188 0.299401
7 0.478697 0.458084 0.060150 0.239521
7 0.582707 0.775449 0.070175 0.275449
6 0.342105 0.464072 0.060150 0.239521
1 0.341479 0.787425 0.036341 0.281437