1 0.351064 0.750000 0.042553 0.219626
1 0.420213 0.750000 0.040426 0.219626
1 0.157447 0.787383 0.029787 0.163551
7 0.414894 0.462617 0.055319 0.214953
4 0.195745 0.785047 0.046809 0.158879
4 0.502128 0.742991 0.072340 0.214953
2 0.576596 0.740654 0.068085 0.238318
0 0.542553 0.457944 0.059574 0.214953
0 0.585106 0.210280 0.068085 0.242991
0 0.707447 0.212617 0.070213 0.247664
0 0.477660 0.462617 0.061702 0.224299
1 0.302128 0.469626 0.038298 0.210280
1 0.365957 0.462617 0.038298 0.205607
1 0.620213 0.460280 0.036170 0.200935