5 0.541711 0.466746 0.060963 0.225653
2 0.603743 0.464371 0.060963 0.225653
4 0.498930 0.756532 0.069519 0.235154
6 0.573262 0.752969 0.074866 0.256532
1 0.464706 0.213777 0.058824 0.256532
1 0.303209 0.476247 0.043850 0.206651
1 0.364171 0.467933 0.035294 0.213777
1 0.348663 0.760095 0.042781 0.242280
1 0.419251 0.756532 0.036364 0.249406
1 0.149733 0.794537 0.029947 0.173397
8 0.532086 0.210214 0.071658 0.249406
8 0.411230 0.466746 0.058824 0.225653
0 0.477005 0.469121 0.068449 0.220903
0 0.189840 0.796912 0.050267 0.182898