5 0.255319 0.590674 0.255319 0.082902
2 0.255319 0.507772 0.255319 0.082902
2 0.244681 0.414508 0.255319 0.082902
2 0.244681 0.336788 0.255319 0.082902
6 0.531915 0.484456 0.212766 0.067358
8 0.526596 0.419689 0.223404 0.062176
4 0.531915 0.551813 0.191489 0.067358
4 0.521277 0.357513 0.191489 0.062176
1 0.531915 0.632124 0.191489 0.031088
1 0.515957 0.305699 0.180851 0.031088
0 0.797872 0.888601 0.255319 0.077720
8 0.787234 0.772021 0.255319 0.062176
8 0.781915 0.707254 0.244681 0.077720
0 0.510638 0.098446 0.212766 0.072539