1 0.605023 0.712963 0.041096 0.222222
8 0.698630 0.199074 0.073059 0.231481
9 0.347032 0.500000 0.063927 0.203704
9 0.883562 0.166667 0.077626 0.240741
8 0.541096 0.462963 0.059361 0.222222
7 0.757991 0.189815 0.054795 0.231481
7 0.481735 0.472222 0.059361 0.185185
2 0.605023 0.458333 0.059361 0.212963
2 0.513699 0.726852 0.068493 0.231481
2 0.415525 0.481481 0.063927 0.203704
9 0.408676 0.745370 0.068493 0.231481
0 0.091324 0.541667 0.073059 0.194444
1 0.301370 0.509259 0.027397 0.203704
1 0.356164 0.754630 0.027397 0.212963