6 0.352273 0.489691 0.061688 0.223368
3 0.546266 0.470790 0.056818 0.219931
6 0.587662 0.749141 0.074675 0.261168
3 0.418019 0.482818 0.060065 0.223368
3 0.770292 0.206186 0.066558 0.254296
3 0.515422 0.750859 0.066558 0.250859
9 0.418019 0.761168 0.073052 0.257732
1 0.364448 0.764605 0.030844 0.243986
1 0.306006 0.493127 0.027597 0.223368
5 0.480519 0.475945 0.061688 0.230241
4 0.891234 0.190722 0.064935 0.257732
9 0.706169 0.211340 0.064935 0.257732
0 0.104708 0.510309 0.060065 0.209622
6 0.608766 0.465636 0.061688 0.223368