2 0.469169 0.230769 0.058981 0.205128
1 0.168901 0.812821 0.016086 0.138462
1 0.368633 0.741026 0.024129 0.189744
3 0.095174 0.528205 0.056300 0.174359
1 0.308311 0.492308 0.016086 0.164103
1 0.375335 0.479487 0.016086 0.158974
3 0.596515 0.697436 0.067024 0.205128
3 0.617962 0.435897 0.056300 0.184615
4 0.520107 0.707692 0.069705 0.184615
5 0.552279 0.443590 0.058981 0.179487
5 0.419571 0.469231 0.061662 0.179487
6 0.530831 0.217949 0.058981 0.200000
8 0.485255 0.458974 0.058981 0.179487
9 0.419571 0.728205 0.067024 0.205128
1 0.221180 0.802564 0.018767 0.138462