7 0.409091 0.475641 0.059484 0.207692
7 0.185185 0.824359 0.051627 0.176923
6 0.537037 0.482051 0.063973 0.215385
5 0.396184 0.787179 0.076319 0.256410
5 0.471380 0.483333 0.062851 0.217949
4 0.497755 0.789744 0.077441 0.230769
4 0.647587 0.211538 0.060606 0.238462
3 0.340067 0.483333 0.062851 0.223077
2 0.524130 0.208974 0.067340 0.243590
2 0.273288 0.487179 0.063973 0.220513
2 0.604938 0.480769 0.060606 0.217949
1 0.586420 0.211538 0.046016 0.243590
0 0.081369 0.487179 0.066218 0.215385
0 0.573513 0.783333 0.071829 0.253846
0 0.769360 0.210256 0.063973 0.246154