0 0.819502 0.201835 0.053942 0.256881
2 0.597510 0.467890 0.058091 0.238532
6 0.531120 0.463303 0.066390 0.229358
4 0.568465 0.747706 0.074689 0.229358
5 0.338174 0.467890 0.062241 0.238532
5 0.396266 0.206422 0.070539 0.266055
9 0.520747 0.211009 0.070539 0.256881
0 0.883817 0.197248 0.074689 0.266055
0 0.491701 0.747706 0.078838 0.266055
0 0.392116 0.752294 0.087137 0.256881
1 0.294606 0.477064 0.033195 0.238532
1 0.767635 0.224771 0.049793 0.302752
3 0.466805 0.458716 0.053942 0.238532
3 0.402490 0.463303 0.058091 0.229358