3 0.472222 0.472222 0.055556 0.198413
5 0.341270 0.476190 0.055556 0.190476
0 0.390873 0.738095 0.067460 0.222222
1 0.339286 0.738095 0.027778 0.222222
1 0.295635 0.476190 0.027778 0.190476
0 0.702381 0.261905 0.055556 0.206349
1 0.640873 0.257937 0.035714 0.230159
2 0.886905 0.269841 0.067460 0.238095
6 0.763889 0.261905 0.059524 0.222222
6 0.599206 0.488095 0.055556 0.198413
3 0.406746 0.480159 0.051587 0.198413
7 0.571429 0.738095 0.063492 0.222222
7 0.537698 0.480159 0.051587 0.198413
4 0.494048 0.738095 0.067460 0.206349