4 0.503425 0.728571 0.075342 0.200000
6 0.410959 0.228571 0.054795 0.228571
9 0.530822 0.228571 0.075342 0.228571
9 0.400685 0.721429 0.075342 0.242857
1 0.763699 0.235714 0.047945 0.242857
1 0.164384 0.742857 0.027397 0.171429
2 0.202055 0.750000 0.047945 0.157143
2 0.356164 0.457143 0.068493 0.200000
7 0.421233 0.457143 0.061644 0.200000
3 0.482877 0.464286 0.061644 0.185714
3 0.606164 0.464286 0.061644 0.214286
0 0.544521 0.471429 0.061644 0.200000
0 0.821918 0.235714 0.068493 0.214286
0 0.886986 0.235714 0.061644 0.214286
8 0.575342 0.728571 0.068493 0.228571