1 0.621662 0.500000 0.020772 0.187500
1 0.304154 0.506250 0.026706 0.200000
1 0.367953 0.503125 0.023739 0.193750
1 0.157270 0.806250 0.017804 0.150000
1 0.351632 0.775000 0.026706 0.225000
8 0.476261 0.496875 0.056380 0.181250
7 0.415430 0.490625 0.053412 0.193750
6 0.572700 0.768750 0.065282 0.225000
6 0.400593 0.768750 0.065282 0.225000
6 0.586053 0.256250 0.062315 0.225000
8 0.540059 0.493750 0.059347 0.187500
0 0.192878 0.803125 0.047478 0.143750
0 0.500000 0.765625 0.068249 0.218750
4 0.706231 0.250000 0.071217 0.225000