0 0.475260 0.468468 0.059896 0.222222
0 0.099609 0.495495 0.061198 0.210210
2 0.761719 0.186186 0.059896 0.240240
2 0.575521 0.749249 0.065104 0.237237
2 0.502604 0.756757 0.067708 0.252252
9 0.407552 0.767267 0.072917 0.261261
9 0.701172 0.184685 0.061198 0.237237
6 0.348958 0.477477 0.057292 0.216216
5 0.604167 0.456456 0.054688 0.210210
4 0.412109 0.475976 0.061198 0.201201
1 0.559245 0.462462 0.024740 0.204204
1 0.305339 0.483483 0.024740 0.198198
1 0.355469 0.773273 0.023438 0.225225
0 0.880859 0.178679 0.066406 0.249249