0 0.496753 0.763889 0.071429 0.222222
2 0.347403 0.486111 0.058442 0.194444
2 0.188312 0.784722 0.051948 0.152778
2 0.327922 0.756944 0.071429 0.236111
5 0.412338 0.486111 0.058442 0.194444
5 0.568182 0.777778 0.071429 0.222222
4 0.542208 0.500000 0.058442 0.194444
9 0.480519 0.493056 0.064935 0.208333
8 0.412338 0.243056 0.058442 0.208333
1 0.529221 0.250000 0.045455 0.222222
1 0.772727 0.263889 0.038961 0.222222
1 0.422078 0.756944 0.025974 0.208333
1 0.155844 0.777778 0.025974 0.166667
0 0.097403 0.472222 0.064935 0.194444
0 0.607143 0.500000 0.058442 0.194444
0 0.834416 0.270833 0.058442 0.208333
0 0.896104 0.277778 0.064935 0.222222