7 0.482051 0.485549 0.051282 0.219653
7 0.612821 0.485549 0.066667 0.219653
0 0.506410 0.794798 0.074359 0.260116
1 0.150000 0.849711 0.023077 0.196532
1 0.428205 0.806358 0.030769 0.271676
1 0.302564 0.514451 0.035897 0.242775
1 0.367949 0.500000 0.028205 0.236994
2 0.187179 0.838150 0.046154 0.184971
2 0.333333 0.806358 0.071795 0.271676
3 0.587179 0.783237 0.066667 0.260116
3 0.591026 0.213873 0.058974 0.254335
3 0.083333 0.517341 0.058974 0.236994
6 0.547436 0.491329 0.058974 0.231214
8 0.716667 0.213873 0.058974 0.254335
4 0.529487 0.216763 0.064103 0.260116
7 0.417949 0.494220 0.056410 0.225434