1 0.112033 0.500000 0.024896 0.211009
2 0.329876 0.784404 0.070539 0.266055
2 0.412863 0.495413 0.053942 0.220183
1 0.226141 0.233945 0.053942 0.247706
9 0.603734 0.486239 0.062241 0.220183
9 0.477178 0.495413 0.066390 0.220183
9 0.707469 0.233945 0.062241 0.229358
5 0.504149 0.784404 0.070539 0.247706
5 0.346473 0.500000 0.062241 0.229358
7 0.580913 0.770642 0.066390 0.238532
8 0.771784 0.224771 0.058091 0.247706
6 0.892116 0.229358 0.066390 0.238532
3 0.541494 0.486239 0.053942 0.220183
1 0.421162 0.775229 0.029046 0.229358
1 0.300830 0.504587 0.029046 0.220183