6 0.470383 0.229630 0.062718 0.251852
7 0.609756 0.488889 0.055749 0.222222
4 0.409408 0.477778 0.066202 0.200000
5 0.472125 0.481481 0.059233 0.222222
8 0.339721 0.474074 0.066202 0.222222
0 0.397213 0.766667 0.076655 0.244444
0 0.496516 0.766667 0.073171 0.244444
1 0.341463 0.759259 0.034843 0.229630
2 0.222997 0.222222 0.062718 0.251852
2 0.594077 0.240741 0.073171 0.244444
0 0.573171 0.766667 0.073171 0.244444
0 0.540070 0.481481 0.069686 0.222222
0 0.404181 0.229630 0.069686 0.237037
1 0.339721 0.225926 0.052265 0.244444