1 0.605263 0.806452 0.037594 0.258065
6 0.184211 0.822581 0.052632 0.193548
8 0.409774 0.250000 0.067669 0.241935
7 0.609023 0.516129 0.060150 0.225806
7 0.484962 0.508065 0.052632 0.209677
7 0.548872 0.508065 0.060150 0.209677
1 0.526316 0.798387 0.045113 0.241935
1 0.537594 0.258065 0.052632 0.258065
1 0.781955 0.266129 0.045113 0.274194
1 0.349624 0.790323 0.022556 0.258065
0 0.090226 0.500000 0.060150 0.225806
0 0.402256 0.790323 0.067669 0.258065
0 0.838346 0.274194 0.067669 0.258065
0 0.902256 0.274194 0.060150 0.258065
2 0.345865 0.508065 0.060150 0.209677
6 0.417293 0.516129 0.067669 0.225806