2 0.315972 0.765918 0.076389 0.273408
2 0.407118 0.460674 0.064236 0.247191
0 0.735243 0.179775 0.064236 0.262172
0 0.060764 0.470037 0.065972 0.228464
0 0.398438 0.764045 0.078125 0.262172
5 0.509549 0.756554 0.074653 0.262172
5 0.799479 0.176030 0.067708 0.277154
9 0.620660 0.455056 0.064236 0.235955
9 0.477431 0.449438 0.069444 0.239700
2 0.550347 0.458801 0.069444 0.235955
1 0.667535 0.176030 0.050347 0.277154
1 0.286458 0.468165 0.024306 0.232210
6 0.336806 0.460674 0.065972 0.239700
6 0.934896 0.172285 0.067708 0.254682
6 0.588542 0.762172 0.076389 0.265918