5 0.498188 0.789256 0.068841 0.239669
3 0.092391 0.483471 0.054348 0.206612
3 0.478261 0.491736 0.065217 0.206612
3 0.541667 0.491736 0.061594 0.206612
1 0.298913 0.495868 0.025362 0.198347
1 0.367754 0.500000 0.025362 0.190083
1 0.534420 0.223140 0.039855 0.247934
1 0.349638 0.785124 0.025362 0.214876
1 0.152174 0.818182 0.021739 0.165289
2 0.472826 0.227273 0.061594 0.239669
2 0.188406 0.818182 0.043478 0.165289
0 0.400362 0.789256 0.068841 0.239669
0 0.574275 0.789256 0.068841 0.239669
5 0.411232 0.491736 0.054348 0.206612
5 0.608696 0.491736 0.057971 0.206612