2 0.398990 0.229730 0.070707 0.243243
8 0.601010 0.462162 0.065657 0.210811
4 0.348485 0.467568 0.065657 0.210811
3 0.094697 0.475676 0.058081 0.205405
5 0.536616 0.464865 0.063131 0.205405
5 0.473485 0.467568 0.058081 0.210811
6 0.573232 0.740541 0.070707 0.237838
4 0.498737 0.732432 0.073232 0.221622
7 0.406566 0.737838 0.065657 0.232432
0 0.523990 0.224324 0.068182 0.232432
0 0.824495 0.216216 0.063131 0.248649
0 0.887626 0.213514 0.058081 0.243243
1 0.766414 0.221622 0.047980 0.259459
1 0.428030 0.464865 0.027778 0.194595
1 0.351010 0.740541 0.030303 0.227027
2 0.282828 0.467568 0.070707 0.210811