2 0.521201 0.236162 0.060071 0.250923
4 0.404594 0.477860 0.063604 0.202952
4 0.600707 0.481550 0.063604 0.202952
3 0.582155 0.234317 0.058304 0.247232
1 0.762367 0.236162 0.047703 0.265683
3 0.341873 0.474170 0.058304 0.225092
0 0.535336 0.481550 0.060071 0.217712
0 0.083922 0.477860 0.061837 0.202952
6 0.180212 0.789668 0.053004 0.191882
7 0.575088 0.752768 0.065371 0.258303
5 0.493816 0.756458 0.075972 0.243542
9 0.472615 0.483395 0.058304 0.221402
9 0.395760 0.756458 0.074205 0.243542
2 0.272968 0.488930 0.061837 0.232472
2 0.647527 0.234317 0.054770 0.247232