7 0.404762 0.225225 0.071429 0.270270
8 0.527778 0.225225 0.071429 0.252252
8 0.541667 0.481982 0.067460 0.225225
1 0.769841 0.225225 0.047619 0.288288
1 0.347222 0.779279 0.035714 0.243243
1 0.523810 0.783784 0.031746 0.252252
1 0.152778 0.810811 0.019841 0.180180
0 0.190476 0.806306 0.055556 0.189189
0 0.404762 0.774775 0.071429 0.270270
0 0.829365 0.234234 0.063492 0.270270
0 0.894841 0.238739 0.067460 0.261261
2 0.345238 0.481982 0.063492 0.225225
5 0.408730 0.490991 0.063492 0.225225
2 0.474206 0.486486 0.059524 0.234234
7 0.609127 0.481982 0.059524 0.225225
9 0.575397 0.783784 0.079365 0.270270