5 0.567935 0.255102 0.059783 0.183673
4 0.682065 0.234694 0.059783 0.204082
9 0.415761 0.734694 0.070652 0.204082
9 0.350543 0.510204 0.059783 0.183673
9 0.535326 0.474490 0.059783 0.173469
6 0.597826 0.459184 0.054348 0.183673
3 0.508152 0.265306 0.059783 0.204082
1 0.491848 0.479592 0.027174 0.183673
1 0.307065 0.520408 0.027174 0.163265
2 0.505435 0.719388 0.065217 0.214286
1 0.366848 0.744898 0.027174 0.224490
2 0.410326 0.500000 0.059783 0.183673
2 0.578804 0.693878 0.059783 0.204082
0 0.108696 0.561224 0.054348 0.183673