1 0.150806 0.812963 0.020968 0.166667
5 0.545161 0.472222 0.061290 0.211111
8 0.608871 0.477778 0.059677 0.214815
7 0.417742 0.468519 0.054839 0.211111
2 0.401613 0.772222 0.070968 0.248148
4 0.187903 0.807407 0.053226 0.155556
4 0.478226 0.468519 0.062903 0.203704
3 0.580645 0.775926 0.064516 0.248148
0 0.715323 0.211111 0.066129 0.244444
0 0.593548 0.205556 0.061290 0.240741
0 0.502419 0.779630 0.069355 0.262963
1 0.366935 0.472222 0.024194 0.203704
1 0.302419 0.468519 0.024194 0.203704
1 0.348387 0.774074 0.025806 0.237037