8 0.584449 0.787234 0.077240 0.278960
6 0.483522 0.481087 0.062822 0.243499
6 0.351699 0.490544 0.058702 0.238771
7 0.787848 0.208038 0.061792 0.250591
1 0.652935 0.222222 0.055613 0.269504
1 0.301236 0.490544 0.033986 0.234043
4 0.551493 0.479905 0.069001 0.226950
4 0.414521 0.479905 0.069001 0.212766
0 0.505664 0.790780 0.080330 0.276596
0 0.914521 0.219858 0.076210 0.264775
0 0.722966 0.217494 0.067971 0.264775
0 0.092173 0.479905 0.069001 0.222222
1 0.432544 0.788416 0.037075 0.262411
1 0.635942 0.490544 0.031926 0.219858
2 0.331617 0.786052 0.072091 0.262411