1 0.260417 0.455017 0.038194 0.211073
1 0.475694 0.458478 0.045139 0.204152
5 0.560764 0.750865 0.083333 0.256055
1 0.311632 0.742215 0.046875 0.245675
0 0.718750 0.216263 0.069444 0.259516
5 0.783854 0.223183 0.064236 0.259516
5 0.482639 0.752595 0.069444 0.252595
3 0.531250 0.465398 0.065972 0.245675
2 0.374132 0.743945 0.078125 0.269896
1 0.647569 0.211073 0.055556 0.249135
6 0.913194 0.228374 0.086806 0.256055
6 0.316840 0.453287 0.071181 0.235294
6 0.599826 0.463668 0.071181 0.228374
3 0.390625 0.455017 0.065972 0.245675