0 0.614634 0.467914 0.058537 0.208556
8 0.487805 0.470588 0.058537 0.213904
3 0.592683 0.745989 0.068293 0.240642
3 0.517073 0.745989 0.068293 0.240642
5 0.774390 0.216578 0.060976 0.240642
5 0.553659 0.470588 0.058537 0.203209
1 0.319512 0.481283 0.024390 0.192513
1 0.654878 0.219251 0.046341 0.235294
2 0.428049 0.475936 0.060976 0.213904
2 0.345122 0.745989 0.065854 0.240642
6 0.364634 0.475936 0.060976 0.213904
6 0.893902 0.219251 0.065854 0.245989
0 0.712195 0.219251 0.063415 0.235294
0 0.121951 0.475936 0.063415 0.203209
0 0.415854 0.751337 0.065854 0.229947