2 0.526432 0.206030 0.061674 0.241206
2 0.570485 0.775126 0.074890 0.243719
1 0.196035 0.816583 0.024229 0.165829
3 0.343062 0.476131 0.060573 0.223618
3 0.587004 0.206030 0.063877 0.251256
0 0.080947 0.467337 0.067181 0.211055
4 0.495595 0.777638 0.077093 0.233668
8 0.394824 0.771357 0.075991 0.256281
3 0.772026 0.209799 0.063877 0.243719
5 0.473568 0.472362 0.063877 0.216080
6 0.537996 0.473618 0.060573 0.218593
6 0.407489 0.473618 0.061674 0.218593
0 0.649780 0.209799 0.061674 0.238693
0 0.603524 0.474874 0.066079 0.216080
2 0.273128 0.473618 0.066079 0.218593