1 0.341808 0.761905 0.028249 0.238095
1 0.514124 0.738095 0.033898 0.214286
9 0.336158 0.494048 0.062147 0.202381
4 0.505650 0.220238 0.062147 0.226190
5 0.528249 0.470238 0.062147 0.202381
8 0.395480 0.750000 0.067797 0.238095
8 0.683616 0.214286 0.067797 0.238095
7 0.567797 0.226190 0.062147 0.214286
7 0.570621 0.726190 0.067797 0.214286
0 0.087571 0.523810 0.062147 0.214286
2 0.587571 0.464286 0.056497 0.190476
2 0.463277 0.470238 0.056497 0.202381
2 0.401130 0.482143 0.056497 0.202381
1 0.290960 0.505952 0.028249 0.226190