2 0.286713 0.500000 0.055944 0.206349
1 0.356643 0.785714 0.027972 0.238095
8 0.541958 0.476190 0.062937 0.222222
9 0.709790 0.206349 0.062937 0.253968
9 0.412587 0.785714 0.069930 0.238095
0 0.506993 0.777778 0.076923 0.253968
6 0.583916 0.769841 0.076923 0.269841
4 0.580420 0.230159 0.055944 0.238095
4 0.353147 0.484127 0.062937 0.206349
0 0.416084 0.507937 0.048951 0.222222
7 0.604895 0.476190 0.048951 0.222222
5 0.639860 0.214286 0.062937 0.238095
5 0.475524 0.492063 0.055944 0.222222
2 0.101399 0.531746 0.062937 0.206349