2 0.575092 0.229508 0.058608 0.245902
2 0.271062 0.495902 0.058608 0.221311
2 0.084249 0.500000 0.065934 0.213115
5 0.489011 0.774590 0.076923 0.270492
8 0.564103 0.762295 0.073260 0.245902
8 0.529304 0.483607 0.062271 0.213115
7 0.395604 0.774590 0.065934 0.237705
7 0.595238 0.479508 0.054945 0.204918
7 0.467033 0.479508 0.054945 0.204918
0 0.635531 0.221311 0.054945 0.245902
0 0.401099 0.483607 0.062271 0.213115
4 0.336996 0.487705 0.065934 0.204918
2 0.695971 0.225410 0.065934 0.237705
1 0.342491 0.778689 0.032967 0.245902