1 0.654762 0.213483 0.047619 0.277154
0 0.099490 0.477528 0.073129 0.228464
6 0.900510 0.215356 0.069728 0.258427
5 0.782313 0.222846 0.064626 0.273408
0 0.714286 0.220974 0.061224 0.262172
3 0.588435 0.762172 0.071429 0.258427
2 0.335034 0.760300 0.078231 0.262172
2 0.614796 0.471910 0.062925 0.232210
2 0.548469 0.475655 0.062925 0.232210
3 0.420068 0.473783 0.054422 0.235955
6 0.357143 0.477528 0.064626 0.228464
1 0.533163 0.762172 0.039116 0.235955
1 0.429422 0.762172 0.032313 0.235955
1 0.301871 0.475655 0.039116 0.209738
0 0.483844 0.473783 0.066327 0.235955