8 0.603044 0.481383 0.067916 0.250000
1 0.522248 0.218085 0.060890 0.276596
9 0.584309 0.220745 0.067916 0.281915
2 0.651054 0.220745 0.065574 0.281915
4 0.758782 0.223404 0.065574 0.297872
0 0.087822 0.476064 0.077283 0.250000
2 0.275176 0.481383 0.072600 0.250000
3 0.346604 0.481383 0.065574 0.250000
3 0.412178 0.481383 0.060890 0.260638
4 0.475410 0.481383 0.065574 0.250000
8 0.538642 0.486702 0.060890 0.250000
5 0.180328 0.808511 0.060890 0.223404
5 0.497658 0.779255 0.072600 0.281915
6 0.391101 0.779255 0.084309 0.292553
0 0.574941 0.779255 0.077283 0.292553