3 0.547393 0.455357 0.061611 0.196429
9 0.751185 0.187500 0.052133 0.196429
9 0.604265 0.441964 0.061611 0.205357
9 0.355450 0.495536 0.056872 0.187500
4 0.590047 0.687500 0.071090 0.178571
0 0.514218 0.709821 0.080569 0.223214
0 0.097156 0.566964 0.071090 0.187500
2 0.348341 0.763393 0.080569 0.241071
2 0.419431 0.486607 0.061611 0.187500
1 0.305687 0.522321 0.033175 0.187500
1 0.440758 0.727679 0.037915 0.205357
9 0.476303 0.468750 0.061611 0.187500
8 0.694313 0.200893 0.071090 0.205357
7 0.864929 0.151786 0.080569 0.214286