0 0.858491 0.324561 0.056604 0.210526
9 0.591981 0.504386 0.051887 0.166667
8 0.415094 0.491228 0.056604 0.175439
8 0.533019 0.504386 0.056604 0.166667
8 0.417453 0.298246 0.051887 0.192982
2 0.523585 0.302632 0.066038 0.184211
2 0.358491 0.486842 0.056604 0.166667
5 0.474057 0.504386 0.051887 0.166667
5 0.209906 0.723684 0.051887 0.149123
1 0.742925 0.320175 0.042453 0.219298
1 0.514151 0.723684 0.018868 0.201754
1 0.424528 0.719298 0.018868 0.192982
0 0.799528 0.324561 0.061321 0.210526
0 0.125000 0.473684 0.061321 0.175439
0 0.556604 0.723684 0.066038 0.201754