0 0.081481 0.491667 0.059259 0.216667
0 0.525926 0.225000 0.074074 0.250000
0 0.540741 0.500000 0.059259 0.233333
8 0.400000 0.225000 0.059259 0.283333
8 0.403704 0.500000 0.066667 0.233333
8 0.396296 0.800000 0.066667 0.266667
1 0.340741 0.791667 0.029630 0.250000
1 0.488889 0.500000 0.029630 0.233333
1 0.781481 0.250000 0.051852 0.300000
2 0.603704 0.500000 0.051852 0.233333
2 0.340741 0.491667 0.059259 0.216667
5 0.492593 0.808333 0.066667 0.283333
9 0.574074 0.791667 0.066667 0.283333
7 0.185185 0.825000 0.044444 0.183333
0 0.903704 0.241667 0.059259 0.283333
0 0.837037 0.258333 0.059259 0.283333