1 0.298861 0.478448 0.024668 0.206897
1 0.150854 0.803879 0.017078 0.159483
5 0.407021 0.471983 0.058824 0.219828
2 0.527514 0.215517 0.060721 0.241379
2 0.603416 0.474138 0.060721 0.215517
1 0.364326 0.478448 0.022770 0.206897
3 0.474383 0.474138 0.056926 0.215517
8 0.537951 0.469828 0.058824 0.206897
1 0.346300 0.767241 0.024668 0.232759
1 0.421252 0.767241 0.026565 0.232759
2 0.467742 0.215517 0.058824 0.241379
1 0.592030 0.765086 0.026565 0.219828
0 0.186907 0.797414 0.047438 0.172414
4 0.496205 0.760776 0.070209 0.219828