1 0.462891 0.241803 0.050781 0.237705
7 0.605469 0.459016 0.062500 0.196721
5 0.539062 0.475410 0.062500 0.213115
4 0.478516 0.483607 0.058594 0.180328
8 0.414062 0.487705 0.070312 0.204918
2 0.525391 0.241803 0.066406 0.237705
2 0.347656 0.491803 0.062500 0.213115
2 0.205078 0.807377 0.042969 0.172131
1 0.359375 0.750000 0.031250 0.221311
1 0.166016 0.803279 0.027344 0.147541
0 0.501953 0.750000 0.074219 0.237705
0 0.103516 0.508197 0.066406 0.213115
7 0.412109 0.745902 0.066406 0.229508
7 0.583984 0.733607 0.074219 0.237705