3 0.349227 0.476389 0.059278 0.208333
2 0.281572 0.472222 0.065722 0.211111
9 0.541881 0.483333 0.065722 0.211111
2 0.605670 0.486111 0.064433 0.205556
0 0.592139 0.237500 0.063144 0.236111
8 0.652706 0.240278 0.060567 0.230556
2 0.530928 0.234722 0.064433 0.230556
5 0.498711 0.765278 0.069588 0.241667
8 0.572165 0.763889 0.074742 0.233333
5 0.771907 0.250000 0.061856 0.238889
8 0.398840 0.761111 0.073454 0.238889
5 0.477448 0.483333 0.060567 0.211111
0 0.412371 0.480556 0.064433 0.211111
2 0.187500 0.781944 0.055412 0.169444