8 0.771154 0.241667 0.057692 0.233333
1 0.313462 0.504167 0.026923 0.208333
1 0.363462 0.770833 0.026923 0.225000
1 0.240385 0.262500 0.050000 0.225000
2 0.421154 0.491667 0.057692 0.200000
6 0.890385 0.237500 0.065385 0.241667
6 0.611538 0.487500 0.061538 0.208333
6 0.580769 0.766667 0.069231 0.233333
5 0.509615 0.766667 0.065385 0.233333
5 0.548077 0.487500 0.057692 0.191667
5 0.355769 0.495833 0.057692 0.208333
9 0.482692 0.487500 0.057692 0.191667
9 0.709615 0.241667 0.065385 0.233333
0 0.413462 0.766667 0.065385 0.233333