6 0.472561 0.500000 0.054878 0.232877
2 0.338415 0.520548 0.067073 0.246575
2 0.338415 0.815068 0.079268 0.287671
4 0.530488 0.212329 0.073171 0.287671
8 0.408537 0.506849 0.060976 0.246575
1 0.158537 0.863014 0.048780 0.219178
1 0.213415 0.863014 0.036585 0.219178
1 0.429878 0.821918 0.054878 0.301370
1 0.609756 0.780822 0.048780 0.246575
1 0.463415 0.219178 0.060976 0.328767
0 0.509146 0.787671 0.079268 0.287671
0 0.088415 0.527397 0.067073 0.260274
6 0.603659 0.486301 0.060976 0.232877
6 0.539634 0.493151 0.067073 0.246575