3 0.482446 0.755924 0.070215 0.241706
3 0.166478 0.787915 0.045300 0.177725
8 0.592299 0.478673 0.058890 0.208531
8 0.526048 0.475118 0.064553 0.201422
5 0.459796 0.477488 0.061155 0.215640
1 0.346546 0.479858 0.031710 0.206161
1 0.405436 0.752370 0.038505 0.239336
1 0.328426 0.755924 0.038505 0.232227
1 0.126274 0.784360 0.028313 0.165877
1 0.279728 0.470379 0.036240 0.210900
0 0.697622 0.229858 0.070215 0.246445
7 0.394677 0.465640 0.060023 0.215640
0 0.559456 0.754739 0.077010 0.244076
0 0.573613 0.231043 0.064553 0.248815