1 0.161871 0.794118 0.021583 0.205882
0 0.100719 0.500000 0.071942 0.235294
2 0.201439 0.779412 0.057554 0.205882
6 0.420863 0.477941 0.079137 0.220588
1 0.496403 0.470588 0.043165 0.205882
7 0.550360 0.463235 0.064748 0.220588
4 0.618705 0.463235 0.071942 0.220588
2 0.334532 0.750000 0.064748 0.264706
0 0.413669 0.742647 0.079137 0.250000
5 0.503597 0.727941 0.086331 0.279412
3 0.589928 0.727941 0.086331 0.279412
1 0.464029 0.235294 0.064748 0.235294
9 0.528777 0.227941 0.079137 0.250000
2 0.345324 0.485294 0.071942 0.235294