8 0.393617 0.784000 0.074468 0.248000
7 0.576241 0.780000 0.063830 0.240000
0 0.495567 0.784000 0.072695 0.248000
0 0.775709 0.224000 0.065603 0.248000
7 0.609043 0.486000 0.054965 0.220000
7 0.589539 0.220000 0.062057 0.248000
9 0.649823 0.224000 0.062057 0.248000
3 0.541667 0.484000 0.062057 0.224000
3 0.339539 0.482000 0.062057 0.220000
2 0.405142 0.484000 0.065603 0.224000
2 0.271277 0.482000 0.063830 0.220000
1 0.491135 0.486000 0.024823 0.196000
1 0.192376 0.820000 0.023050 0.168000
1 0.525709 0.218000 0.044326 0.244000