5 0.409490 0.477528 0.059754 0.220974
2 0.537786 0.479401 0.059754 0.209738
3 0.648506 0.232210 0.056239 0.254682
3 0.343585 0.475655 0.061511 0.217228
3 0.572056 0.758427 0.065026 0.243446
1 0.487698 0.481273 0.033392 0.213483
8 0.603691 0.481273 0.057996 0.213483
4 0.495606 0.765918 0.066784 0.235955
7 0.185413 0.784644 0.047452 0.176030
9 0.391916 0.760300 0.066784 0.247191
2 0.277680 0.475655 0.059754 0.232210
2 0.587873 0.235955 0.057996 0.239700
2 0.526362 0.232210 0.061511 0.239700
2 0.768893 0.235955 0.057996 0.247191