8 0.769076 0.212963 0.060241 0.259259
9 0.708835 0.212963 0.060241 0.259259
2 0.407631 0.486111 0.060241 0.250000
7 0.401606 0.782407 0.064257 0.268519
0 0.493976 0.796296 0.080321 0.259259
5 0.343373 0.486111 0.052209 0.250000
1 0.220884 0.212963 0.048193 0.296296
1 0.295181 0.495370 0.036145 0.231481
1 0.624498 0.504630 0.028112 0.250000
1 0.592369 0.796296 0.036145 0.240741
1 0.343373 0.787037 0.044177 0.240741
6 0.895582 0.217593 0.072289 0.305556
9 0.536145 0.486111 0.068273 0.231481
9 0.471888 0.500000 0.060241 0.259259