1 0.143312 0.815068 0.031847 0.205479
0 0.079618 0.493151 0.070064 0.219178
0 0.605096 0.486301 0.063694 0.232877
0 0.401274 0.780822 0.076433 0.273973
2 0.340764 0.486301 0.070064 0.232877
3 0.474522 0.486301 0.057325 0.232877
5 0.541401 0.486301 0.063694 0.232877
5 0.500000 0.773973 0.082803 0.260274
3 0.184713 0.815068 0.050955 0.205479
2 0.324841 0.780822 0.076433 0.273973
8 0.407643 0.493151 0.063694 0.219178
1 0.464968 0.232877 0.063694 0.273973
1 0.525478 0.232877 0.057325 0.273973
1 0.598726 0.767123 0.038217 0.246575