2 0.279197 0.471074 0.062044 0.214876
2 0.478102 0.471074 0.058394 0.231405
2 0.501825 0.768595 0.069343 0.247934
1 0.427007 0.479339 0.036496 0.214876
1 0.346715 0.776860 0.036496 0.231405
8 0.574818 0.764463 0.069343 0.256198
9 0.545620 0.475207 0.069343 0.223140
6 0.589416 0.214876 0.069343 0.247934
0 0.653285 0.210744 0.058394 0.256198
1 0.624088 0.479339 0.029197 0.214876
4 0.715328 0.210744 0.065693 0.256198
4 0.346715 0.475207 0.072993 0.206612
3 0.094891 0.479339 0.065693 0.231405
3 0.403285 0.764463 0.069343 0.256198