8 0.573770 0.735632 0.076503 0.252874
9 0.584699 0.212644 0.065574 0.218391
2 0.647541 0.218391 0.060109 0.252874
2 0.278689 0.465517 0.065574 0.218391
2 0.598361 0.465517 0.060109 0.218391
0 0.707650 0.218391 0.071038 0.229885
3 0.087432 0.465517 0.065574 0.218391
4 0.344262 0.459770 0.065574 0.206897
1 0.415301 0.465517 0.032787 0.218391
1 0.338798 0.735632 0.054645 0.229885
1 0.407104 0.729885 0.049180 0.241379
0 0.472678 0.465517 0.071038 0.218391
0 0.497268 0.729885 0.065574 0.241379
6 0.538251 0.459770 0.060109 0.206897