1 0.152893 0.807512 0.016529 0.169014
0 0.594008 0.208920 0.064050 0.248826
0 0.717975 0.215962 0.064050 0.253521
7 0.417355 0.469484 0.053719 0.225352
8 0.545455 0.476526 0.061983 0.230047
2 0.504132 0.772300 0.070248 0.248826
8 0.579545 0.774648 0.072314 0.253521
6 0.611570 0.476526 0.057851 0.220657
6 0.189050 0.807512 0.047521 0.187793
1 0.352273 0.772300 0.026860 0.239437
1 0.370868 0.476526 0.026860 0.201878
1 0.302686 0.474178 0.026860 0.215962
3 0.482438 0.474178 0.055785 0.215962
3 0.402893 0.774648 0.066116 0.253521
3 0.091942 0.464789 0.055785 0.215962