5 0.408621 0.479554 0.062069 0.200743
0 0.541379 0.472119 0.062069 0.208178
8 0.607759 0.470260 0.060345 0.204461
8 0.575000 0.756506 0.070690 0.234201
4 0.501724 0.763941 0.068966 0.219331
3 0.528448 0.219331 0.060345 0.230483
0 0.400862 0.765799 0.070690 0.237918
5 0.475000 0.473978 0.060345 0.204461
1 0.350000 0.767658 0.027586 0.226766
2 0.466379 0.223048 0.060345 0.230483
1 0.200862 0.812268 0.018966 0.152416
1 0.150000 0.817844 0.024138 0.156134
1 0.364655 0.483271 0.022414 0.193309
1 0.298276 0.483271 0.024138 0.193309