5 0.476562 0.469466 0.057292 0.221374
2 0.278646 0.477099 0.060764 0.229008
2 0.500000 0.757634 0.076389 0.263359
1 0.528646 0.219466 0.043403 0.255725
1 0.561632 0.479008 0.036458 0.217557
5 0.395833 0.770992 0.076389 0.259542
6 0.589410 0.219466 0.064236 0.248092
5 0.651910 0.221374 0.060764 0.244275
3 0.346354 0.471374 0.057292 0.232824
7 0.612847 0.479008 0.048611 0.217557
8 0.183160 0.791985 0.057292 0.194656
4 0.577257 0.767176 0.074653 0.259542
4 0.410590 0.467557 0.060764 0.217557
4 0.772569 0.229008 0.059028 0.267176
0 0.086806 0.463740 0.065972 0.217557