5 0.778243 0.186364 0.066946 0.263636
6 0.907950 0.190909 0.075314 0.254545
6 0.583682 0.754545 0.079498 0.254545
6 0.345188 0.468182 0.062762 0.245455
8 0.608787 0.454545 0.062762 0.218182
0 0.713389 0.190909 0.062762 0.254545
0 0.539749 0.454545 0.058577 0.236364
1 0.294979 0.463636 0.029289 0.218182
1 0.349372 0.759091 0.029289 0.245455
1 0.529289 0.745455 0.029289 0.236364
1 0.656904 0.190909 0.058577 0.272727
4 0.410042 0.459091 0.058577 0.209091
5 0.476987 0.459091 0.066946 0.227273
0 0.403766 0.754545 0.071130 0.254545