0 0.096125 0.459732 0.064083 0.214765
0 0.545455 0.468121 0.062593 0.224832
0 0.611773 0.469799 0.064083 0.221477
0 0.579732 0.761745 0.074516 0.261745
1 0.300298 0.459732 0.037258 0.214765
1 0.349478 0.755034 0.037258 0.241611
6 0.353949 0.464765 0.064083 0.224832
2 0.478390 0.471477 0.062593 0.218121
7 0.408346 0.753356 0.065574 0.251678
4 0.903130 0.219799 0.074516 0.251678
3 0.417288 0.469799 0.056632 0.221477
3 0.503726 0.755034 0.062593 0.255034
3 0.781669 0.216443 0.055142 0.251678
9 0.716095 0.214765 0.070045 0.248322