0 0.101093 0.505952 0.071038 0.202381
0 0.202186 0.833333 0.054645 0.190476
8 0.412568 0.238095 0.071038 0.214286
0 0.825137 0.232143 0.065574 0.226190
0 0.885246 0.232143 0.065574 0.226190
2 0.349727 0.500000 0.065574 0.214286
2 0.333333 0.785714 0.076503 0.238095
2 0.579235 0.773810 0.076503 0.238095
3 0.409836 0.785714 0.076503 0.238095
3 0.505464 0.785714 0.071038 0.238095
5 0.415301 0.500000 0.065574 0.214286
6 0.480874 0.494048 0.065574 0.202381
6 0.609290 0.488095 0.071038 0.190476
9 0.543716 0.494048 0.060109 0.202381
1 0.158470 0.839286 0.021858 0.154762
1 0.527322 0.238095 0.049180 0.238095
1 0.765027 0.238095 0.054645 0.238095