3 0.717647 0.239496 0.070588 0.260504
7 0.413725 0.466387 0.058824 0.226891
4 0.474510 0.478992 0.062745 0.201681
5 0.494118 0.760504 0.070588 0.260504
6 0.570588 0.764706 0.074510 0.252101
8 0.541176 0.478992 0.062745 0.218487
8 0.394118 0.747899 0.074510 0.252101
2 0.590196 0.235294 0.074510 0.252101
2 0.082353 0.445378 0.070588 0.218487
1 0.298039 0.466387 0.047059 0.210084
1 0.358824 0.462185 0.035294 0.218487
1 0.339216 0.747899 0.035294 0.235294
1 0.654902 0.239496 0.047059 0.260504
1 0.621569 0.487395 0.035294 0.201681