0 0.710970 0.202830 0.063291 0.254717
1 0.356540 0.768868 0.037975 0.254717
1 0.432489 0.764151 0.029536 0.301887
1 0.303797 0.485849 0.033755 0.235849
1 0.651899 0.212264 0.046414 0.254717
0 0.894515 0.202830 0.067511 0.292453
7 0.770042 0.202830 0.054852 0.254717
6 0.345992 0.466981 0.050633 0.216981
4 0.411392 0.476415 0.063291 0.198113
3 0.544304 0.466981 0.050633 0.235849
2 0.478903 0.466981 0.054852 0.216981
2 0.500000 0.787736 0.054852 0.273585
9 0.607595 0.476415 0.059072 0.216981
9 0.575949 0.778302 0.071730 0.273585