1 0.471698 0.118357 0.188679 0.033816
1 0.481132 0.301932 0.207547 0.024155
1 0.231132 0.357488 0.216981 0.028986
1 0.235849 0.524155 0.207547 0.033816
1 0.490566 0.427536 0.188679 0.024155
5 0.490566 0.347826 0.207547 0.067633
8 0.235849 0.408213 0.245283 0.072464
2 0.740566 0.869565 0.235849 0.077295
0 0.495283 0.471014 0.198113 0.062802
5 0.500000 0.536232 0.207547 0.067633
3 0.254717 0.577295 0.245283 0.062802
3 0.504717 0.599034 0.216981 0.057971
8 0.731132 0.690821 0.235849 0.057971
9 0.740566 0.753623 0.235849 0.057971