9 0.570866 0.796296 0.070866 0.259259
8 0.393701 0.203704 0.062992 0.259259
8 0.476378 0.481481 0.070866 0.222222
1 0.767717 0.203704 0.039370 0.296296
1 0.519685 0.796296 0.031496 0.259259
1 0.145669 0.833333 0.023622 0.222222
2 0.338583 0.481481 0.062992 0.222222
2 0.188976 0.833333 0.047244 0.185185
9 0.397638 0.796296 0.070866 0.259259
0 0.602362 0.472222 0.055118 0.240741
0 0.523622 0.203704 0.055118 0.259259
0 0.830709 0.203704 0.055118 0.296296
0 0.889764 0.203704 0.062992 0.296296
5 0.539370 0.481481 0.055118 0.222222
7 0.405512 0.472222 0.055118 0.240741