2 0.464567 0.223684 0.062992 0.236842
2 0.348425 0.482456 0.059055 0.228070
0 0.523622 0.223684 0.062992 0.236842
0 0.405512 0.767544 0.070866 0.254386
6 0.413386 0.478070 0.062992 0.219298
1 0.492126 0.478070 0.031496 0.201754
1 0.161417 0.807018 0.023622 0.175439
1 0.354331 0.771930 0.031496 0.245614
1 0.598425 0.767544 0.031496 0.236842
4 0.503937 0.763158 0.078740 0.245614
8 0.539370 0.473684 0.062992 0.228070
8 0.602362 0.473684 0.062992 0.228070
3 0.200787 0.807018 0.047244 0.192982
1 0.161417 0.807018 0.023622 0.192982