4 0.471190 0.472222 0.065056 0.190476
8 0.397770 0.761905 0.074349 0.238095
4 0.607807 0.464286 0.066914 0.190476
9 0.711896 0.200397 0.063197 0.234127
6 0.539033 0.464286 0.066914 0.206349
6 0.578067 0.755952 0.078067 0.242063
6 0.335502 0.480159 0.065056 0.206349
1 0.289963 0.482143 0.026022 0.186508
1 0.525093 0.757937 0.027881 0.222222
1 0.345725 0.769841 0.026022 0.214286
2 0.403346 0.474206 0.063197 0.202381
2 0.776952 0.198413 0.063197 0.238095
0 0.904275 0.188492 0.068773 0.234127
0 0.071561 0.492063 0.061338 0.198413