7 0.523490 0.224638 0.067114 0.217391
7 0.416107 0.471014 0.053691 0.188406
3 0.573826 0.739130 0.073826 0.231884
7 0.409396 0.231884 0.067114 0.231884
3 0.496644 0.739130 0.067114 0.231884
0 0.402685 0.746377 0.067114 0.217391
0 0.879195 0.239130 0.067114 0.217391
0 0.815436 0.239130 0.060403 0.217391
1 0.167785 0.775362 0.026846 0.159420
1 0.352349 0.739130 0.033557 0.202899
1 0.761745 0.231884 0.046980 0.231884
7 0.600671 0.478261 0.060403 0.202899
2 0.348993 0.471014 0.067114 0.188406
5 0.476510 0.471014 0.053691 0.188406
6 0.540268 0.478261 0.060403 0.202899
4 0.204698 0.775362 0.046980 0.159420