3 0.578685 0.773973 0.065737 0.242009
4 0.529880 0.200913 0.059761 0.237443
5 0.410359 0.470320 0.059761 0.219178
6 0.476096 0.470320 0.063745 0.210046
8 0.542829 0.468037 0.061753 0.205479
0 0.500000 0.773973 0.067729 0.232877
0 0.400398 0.773973 0.067729 0.242009
1 0.146414 0.812785 0.017928 0.164384
1 0.361554 0.472603 0.021912 0.205479
1 0.296813 0.472603 0.023904 0.196347
3 0.084661 0.470320 0.057769 0.210046
2 0.183267 0.810502 0.047809 0.168950
2 0.467131 0.198630 0.061753 0.242009
2 0.322709 0.773973 0.071713 0.242009
3 0.611554 0.465753 0.059761 0.210046